  -1.5685039e+01
  -9.1881494e+00
  -2.8851323e+00
   1.2067312e-01
   1.9369496e+00
   3.5678315e+00
  -1.3323404e-01
  -2.6841551e+01
   7.5723960e-01
  -1.2950586e+01
  -1.5138695e+00
  -2.1094556e+00
  -1.0522165e+00
  -1.0453589e-01
   1.4407334e-01
   6.2449440e-01
   1.2293032e+00
   9.2032578e-01
  -5.5298975e+00
  -2.9171751e+00
  -1.7459672e-01
  -2.4416878e+00
   1.8083610e+00
   2.8448732e+00
   8.4915501e-01
  -2.8470988e-01
  -1.6002643e+00
  -1.2278950e+01
  -7.1441246e-01
  -1.6878627e+00
  -3.2086305e+00
  -3.3538928e-01
   1.3199805e+01
  -9.4549020e+01
   1.8425079e+00
  -3.0159884e+00
  -2.0720892e+00
   5.9745790e+00
   4.4374127e-01
  -1.2234028e+00
   2.8366393e+00
  -6.8293045e-01
   1.4059539e+00
  -6.5982300e-01
   1.9406413e-01
   9.9580775e+00
   2.1239181e+00
   1.9465386e+01
   4.3414900e+01
   1.2719857e+00
  -1.3785553e+00
   5.4486399e+00
  -1.5551233e+00
  -5.1965890e+00
   4.5897891e+00
  -1.5911387e+00
   1.1983775e+00
  -4.3002740e-01
  -9.0301614e+00
  -3.7494639e+00
   1.2402515e+02
   9.7772826e+00
   5.9240034e+00
   4.5179784e+00
  -3.2933339e+00
  -6.5552445e-01
  -3.3111758e+00
   2.2341905e+00
   2.9325382e-02
  -7.1696021e-01
  -1.7035125e+00
  -2.0163637e-01
   3.7805082e+00
   7.8940078e-02
  -7.4412553e+01
  -8.6446985e-01
  -5.7887662e+00
   1.0417445e+00
  -1.5785282e+00
  -4.3409427e-01
   4.4782785e+00
  -6.4203594e-01
  -1.4571277e+00
   2.0693556e+01
   5.2071725e+00
   2.4764816e-01
   2.5033819e-01
  -2.0204612e+00
  -1.7461238e-02
   1.3766099e-01
   1.6022251e+00
   4.0143005e-01
  -1.1227879e-01
   1.0694901e+00
  -1.7342361e-02
   1.1332037e+00
  -1.0716667e-01
   8.9282507e-01
  -1.7330346e+00
   3.9894569e-01
   4.9203839e+00
  -2.6441171e-01
   7.7177167e-01
   6.9761335e-01
  -1.2743708e+00
  -8.3245997e-02
  -9.2379399e+00
  -3.8814131e-01
  -2.9955987e-01
   1.8453719e+00
  -2.5755357e+00
  -8.1505873e-01
  -5.0048714e-02
  -1.3304700e-01
  -4.8335659e-01
   1.0192883e+01
  -1.5739312e+00
  -3.6731981e+00
   1.3302980e-01
   1.2687132e+00
   1.5807635e-01
  -3.0121959e-02
   8.7447291e-03
   1.1940134e-01
   1.0702813e+00
   8.4065528e-01
   2.5510162e-01
   1.2594035e+00
   3.4445524e-01
   2.2979751e-01
  -2.9702861e-01
   1.5763060e-02
   1.1266239e-01
   1.8940634e-01
  -3.3436057e-02
   3.5891415e+00
  -1.2933090e+00
  -1.5105283e+00
  -4.3286672e-02
   3.5719891e-01
  -1.2280095e-01
  -5.3858776e-01
   1.4168895e-03
   7.9445440e-02
   4.2018773e-02
  -1.6844248e-01
  -2.2464158e-01
   3.6477193e-01
   5.5923247e+00
   7.3997803e-01
