  -2.6094436e+00
  -2.0166998e+01
   8.4097070e+00
   2.9240598e-01
   8.8015465e-01
   2.0838699e+00
   3.1136321e-01
  -1.8709857e+02
  -1.2213564e+00
  -1.7772360e+01
  -5.2846590e-02
   6.1687925e+00
  -9.1027657e-01
   7.3873865e+00
   9.3394713e+00
   2.3694300e+00
   3.8913891e+00
   1.7051276e+00
  -3.4479118e+00
  -7.4332460e+00
  -2.2905793e-01
  -3.3480960e+01
   4.3307365e+00
   8.3826456e+00
   6.9414436e-01
  -6.8197684e+00
   1.7331950e-01
  -3.4022724e+00
  -8.7561915e-01
  -5.7424452e-01
  -9.6325860e+00
  -2.4030864e-01
   6.3456394e+00
  -1.4955631e+02
   1.5528911e+01
   5.9020769e+00
  -1.5553759e+00
   7.1123038e-01
   4.8054579e-01
  -7.8544326e-01
   4.1702821e+00
   1.9834432e-01
   2.5742027e+00
  -1.0974575e+00
  -1.5194332e-02
   1.1486895e+00
   1.0327296e+01
  -7.7723865e+00
   4.4075593e+01
   4.6848005e-01
  -1.3406756e+00
  -4.6141405e-01
  -6.1022970e-01
  -1.8331479e+00
   1.3504439e+00
   1.3584316e+00
   1.9622773e-01
  -1.9417441e+00
  -2.7726816e+00
  -5.7892804e+00
   3.3007639e+02
   1.0005278e+00
   1.5534173e+00
   2.6967012e+00
  -1.5376886e-01
  -5.7346858e-01
   1.1035523e+00
   1.9414672e+00
  -4.5635587e-01
  -1.8899614e+00
  -3.8814518e-01
   9.4865006e-01
  -1.1977673e+01
   1.3015462e+00
  -1.0064226e-01
  -3.8381306e-01
  -4.1930897e+00
  -3.5334940e-01
  -4.9079615e-01
   2.9076115e-02
   1.8042925e+00
  -9.7471165e-01
   3.3192747e-01
  -3.4191894e+00
   3.8924823e+00
   4.4786859e-02
   1.7739978e-01
   6.4130037e-01
  -9.0276883e-01
  -1.0314258e-01
   2.6133189e+00
   5.7512499e-01
  -1.5414851e-01
  -1.8706462e+00
   2.2619537e-01
   2.1480550e+00
  -6.7206199e-02
   2.3739200e-01
   6.9961966e+00
  -3.5568270e-01
   1.3612276e+00
  -8.1521423e-01
  -3.3047781e-01
   1.8989080e-03
   3.5122754e-01
   4.6076035e-02
  -8.8667518e+00
  -1.6202536e-01
   6.5918728e-01
   1.2652272e-01
  -3.8690947e+00
  -5.2061444e-01
  -3.5508992e-02
  -2.4002975e-01
   8.6519202e-02
   8.1203841e+00
  -2.7153114e+00
  -5.1743502e+00
  -1.3784556e-01
  -2.9748245e+00
   5.3021333e-01
  -2.1176997e-02
   3.1359448e-01
  -3.5115448e-01
  -2.4388516e+00
  -1.8625515e+00
   5.8007206e-01
  -3.4938504e+00
   2.2243149e-01
  -7.2664066e-01
   1.6867745e-01
   1.8001879e-02
   2.0665623e-02
  -1.5901303e-01
   9.1633906e-02
   9.3956064e+00
   1.9070766e-01
  -3.3539352e+00
   4.9395605e-02
   2.9655540e-01
  -3.8255359e-01
  -1.0010274e-01
   5.4068551e-01
  -1.3275218e-01
  -1.0616434e-01
  -4.8202592e-02
  -1.2260476e+00
  -8.1396401e-03
   4.6791545e-01
   1.0644714e+00
