   9.4613564e-02
   2.9970296e-01
   1.0095658e-01
   1.2498598e-01
   1.1323719e-01
   1.2262430e-01
   1.7776503e-01
  -1.2189647e+00
   1.8367662e-01
  -9.1035859e-01
   2.2719379e-01
  -9.2816833e-02
  -9.3363739e-01
   1.1796642e+00
  -8.4175088e-01
   2.5521597e-01
  -6.7443113e-02
  -1.1411134e-01
  -2.7561246e-01
  -1.4032153e+00
  -3.8911382e-01
  -1.3103280e+00
   2.2301416e+00
  -2.8920987e-01
   8.0806775e-01
  -5.8062589e-01
   9.1601468e-02
  -8.6432402e-01
  -2.1549357e-01
   1.2382029e-01
  -3.0117516e+00
  -2.8386869e-01
  -3.0992033e-02
  -1.4027337e+00
   1.6795435e-02
  -2.3381301e-01
  -1.8499841e+00
   2.3872083e-01
   1.7384958e-01
   3.8836343e-02
  -6.6406904e-02
   1.0900945e-02
  -3.1118102e-02
  -4.9211883e-01
  -2.4300137e-01
   8.0293528e-02
  -2.3448821e-01
  -3.0046820e-01
   1.1448533e-01
  -6.9891785e-02
  -1.1398061e+00
   2.6268685e-01
  -2.2034340e-01
  -2.2395723e-01
  -8.9787071e-01
   6.5216877e-02
  -7.6758479e-02
   1.3875115e-01
  -7.8527822e-01
  -2.2182803e+00
   2.7995548e+00
   1.2921921e-01
   6.3259835e-01
  -4.9063097e-01
  -2.2797428e-01
  -3.7820541e-01
   3.1498641e-01
  -7.0596048e-03
  -7.1146681e-02
  -3.4107476e-01
   2.5414333e-01
   5.1225252e-01
  -1.9252682e-01
   4.3694193e-01
   2.2117361e+00
  -1.3734104e-02
  -8.1675045e-01
  -2.3122149e-01
  -1.3627303e+00
  -2.1941353e-01
  -9.5411059e-02
  -1.6389901e-01
  -2.6189600e-01
   1.5664967e-01
   1.2045951e+00
   3.2166888e-02
  -3.5470094e-04
   2.5903077e-02
   5.7757305e-02
  -5.3890760e-02
  -4.1761980e-01
   6.5337877e-02
  -1.8323760e-01
   9.1379284e-05
   1.3265430e-03
   2.7977972e-01
  -8.0382502e-02
   1.1581190e-01
  -3.1237678e-01
  -6.8860304e-02
   7.0736408e-01
   3.8836905e-03
  -3.9766367e-02
   1.4449561e-01
  -3.2548059e-03
  -1.0606333e-01
  -3.1608196e-01
  -7.5231835e-02
  -5.0167530e-02
   1.6219937e-01
  -3.7632418e-01
   1.3666833e-01
  -4.8478184e-02
   1.3674747e-01
   2.4361821e-02
   6.6644701e-01
  -2.3508626e-02
  -2.1088467e-01
  -9.4941406e-03
   3.7015322e-01
   2.2787405e-02
  -8.3419609e-02
   4.0959985e-02
   4.7341421e-01
   1.5091305e-01
   8.9936744e-01
   7.1578358e-02
   6.4795968e-03
  -1.4218921e-01
   1.6879408e-01
   1.7914682e-01
   1.6463409e-02
  -4.7337519e-02
  -1.4849818e-01
  -1.2711838e-01
   4.2096325e-02
  -1.8033451e-03
  -7.5221808e-02
   4.2912561e-02
   3.2336851e-02
   1.0018308e-01
  -2.2743732e-02
   2.0590695e-03
   1.5207378e-02
  -1.0185425e-01
  -2.8168599e-02
  -1.3998152e-01
   7.0304783e-02
   3.9341266e-01
   2.6234222e-01
