  -3.1085453e-01
   2.8092783e-01
   1.9414485e-01
   9.0661067e-02
   9.1583424e-02
   4.5138000e-02
   1.1865717e-01
  -1.1273610e+00
   1.1761257e-01
  -1.0269776e+00
  -1.5706218e-01
  -9.1429821e-02
  -9.3041846e-01
   5.1243648e-01
  -1.7192733e-01
   1.8780721e-01
  -1.4429873e-01
  -3.7191205e-02
  -3.5229075e-01
  -8.7795910e-01
  -3.7117649e-01
  -2.7793675e+00
   3.8232506e-01
   1.4962204e-01
   8.1467512e-01
  -5.6347486e-01
  -2.7021005e-01
  -7.9970123e-01
  -2.5506801e-01
   5.8364633e-02
  -7.7827645e-01
  -2.8618886e-01
  -2.8001832e-02
  -1.2024605e-04
  -4.2946946e-02
  -9.6606383e-01
  -6.1851430e+00
   3.3905029e-01
   3.1952020e-02
   3.3568928e-02
  -7.6758343e-02
   2.0398033e-02
  -4.7628139e-02
  -3.1449877e-01
  -3.6707761e-01
   8.5370594e-02
   1.8190852e-01
  -2.6518698e-01
   1.0517055e-01
  -2.0803119e-01
  -1.1162660e+00
  -1.4728212e-01
  -2.2718401e-01
  -2.6864327e-01
  -9.0246932e-01
   1.1431906e-01
  -8.9459079e-02
   1.8473324e-01
  -6.8797632e-01
  -3.4833291e-01
   8.1547539e+00
   2.5226880e-01
   6.0623439e-01
  -5.7580753e-01
  -3.6221790e-01
  -3.3273357e-01
   3.3082623e-01
   3.3359226e-02
  -6.3484912e-02
  -1.9685246e-01
   3.3878832e-01
   4.9690170e-01
  -1.9611152e-01
   3.7072125e-01
   4.6227164e-01
  -2.0924312e-02
  -8.3428258e-01
  -1.5115685e-01
  -7.1039179e-01
  -2.1400973e-01
  -1.1262436e-01
  -6.7472407e-02
  -4.5124711e-01
  -5.1765902e-02
   6.0503478e-01
  -1.7389978e-03
  -1.6420820e-02
   6.7845082e-02
   6.9602218e-02
  -6.0494979e-02
  -2.5766860e-01
   5.5132507e-02
  -1.9041084e-01
   2.3504357e-02
   3.4084778e-03
   1.9520574e-01
  -8.1039527e-02
   7.1974249e-02
  -2.2788092e-01
  -7.7288836e-02
   2.8900137e-01
  -8.0626394e-03
  -6.0903301e-02
   1.2216701e-01
  -9.3553232e-02
  -1.0328625e-01
  -2.6280569e-01
  -6.9292872e-02
  -7.2764885e-02
   1.6515956e-01
  -4.0114000e-01
   1.1546746e-01
  -4.9098995e-02
   6.9637685e-02
   2.9909804e-02
   2.6577000e-01
  -1.9185249e-01
  -1.2057819e-01
  -1.1803231e-02
   2.3838286e-01
  -1.5770754e-02
  -8.7262433e-02
   2.7503807e-02
   3.0043603e-01
   1.7079198e-01
   1.8127681e-01
   3.3372568e-04
  -1.8587786e-01
  -7.5100368e-02
   2.2963848e-02
   2.7049473e-02
   2.6214384e-02
  -5.6363751e-02
  -1.2501444e-01
  -2.9704540e-02
   3.5006492e-02
   1.0611637e-02
   5.9368832e-02
  -3.0157360e-03
   1.8278021e-02
   1.1735551e-03
  -1.0348869e-02
   3.0194873e-03
   2.1485474e-02
  -1.0313420e-01
  -3.4255545e-02
  -1.1678000e-01
   6.2949930e-02
   2.0793786e-01
   1.7690384e-01
