  -1.8110831e+00
  -3.8529677e+00
   1.2634142e+00
   3.0438621e-01
   6.1356117e-01
   6.3557246e-01
  -1.5143207e-01
  -8.4677208e+00
   2.2989515e-01
  -4.1002930e+00
  -8.5313954e-02
  -1.0684730e+00
  -8.7755256e-01
   6.9868609e-01
   5.5353472e-01
   6.5817384e-01
  -2.7780408e-01
  -5.3214416e-01
  -1.1780202e+00
  -9.1512653e-01
  -4.2443614e-01
  -3.0301416e+00
   8.4546977e-01
   2.7832185e-01
   6.8923664e-01
   1.0936880e-01
  -7.6474608e-01
  -3.6726507e-01
  -5.0711362e-02
   1.0441348e+00
  -9.6495732e-01
  -2.8034553e-01
   6.5927507e+00
  -1.3514256e+01
   4.3667074e+00
  -3.3475758e-02
  -1.2199156e-01
   9.2031003e-01
   9.0273623e-02
  -2.4903289e-01
  -3.1970457e-02
  -5.7559229e-02
   2.9035395e-01
  -9.9078960e-01
  -8.3225048e-01
   5.9246002e-01
  -9.0865321e-01
   2.6975769e-01
   1.7052164e+00
  -1.0772388e-01
  -1.0841583e+00
   6.3957913e-01
  -6.1637987e-01
  -9.2614999e-01
  -1.0693995e+00
  -4.7364835e-02
   3.7473741e-03
   4.7774444e-01
  -3.9599660e+00
  -7.3047617e-01
   1.9544856e+01
   2.3019850e+00
   1.1965028e+00
  -2.5470044e-02
  -3.6268676e-02
  -4.0392148e-01
   2.9806437e+00
  -6.8840067e-01
  -7.5077904e-02
  -2.5348467e-01
  -3.6344092e-01
   7.9501560e-01
  -8.1974747e-01
   1.9296889e+00
  -6.0479437e+00
  -2.5614799e-01
  -1.3144246e+00
   1.9533908e-01
  -1.0026566e+00
  -2.5374237e-01
   2.8710593e-01
  -9.7340711e-01
  -1.3322352e+00
   3.6334693e+00
   1.7616082e+00
   5.2155702e-01
   1.8969677e-01
   1.3359846e-02
   1.2582229e-01
  -1.0611013e-02
   2.3514041e-01
   8.1753746e-02
  -1.0981625e-01
   3.4766011e-01
   1.1330881e-02
   1.8135369e-01
  -5.5025760e-02
   1.2542526e-01
  -3.1892718e-01
  -6.8099500e-02
   4.0118028e-01
  -1.1060186e-02
  -4.5265063e-01
  -2.9463413e-01
  -2.0708496e-01
  -9.0083573e-02
  -7.3727295e-01
  -9.4563086e-02
  -7.2938809e-02
   1.6432057e+00
  -1.1576571e+00
  -3.4512937e-02
  -4.5980624e-02
   1.2405304e-01
  -5.5453421e-02
   1.4351170e+00
  -1.5011567e+00
  -1.9820747e-01
   6.7728432e-03
   3.4093509e-01
   1.7873080e-01
  -7.6388964e-02
   5.0217956e-02
   7.4488024e-01
   2.6723140e-01
   2.7623092e-01
   1.8459332e-02
  -2.0760863e-01
  -1.8669180e-02
  -1.4098238e-01
  -1.9640095e-02
  -2.3230152e-02
  -6.7877173e-02
  -1.1686725e-01
   4.2259537e-02
   5.9631467e-01
   1.2714967e-01
   9.2916627e-01
  -2.9185291e-02
   1.3889064e-01
   8.2075287e-03
   7.4867244e-02
  -2.8754897e-02
   5.8656746e-02
  -7.2756393e-02
  -2.3367530e-02
  -7.6549828e-02
   3.9321995e-01
   1.3006825e+00
   1.2317772e-01
