   3.9333742e-01
   4.5510904e-02
   1.8054303e-01
   9.5951474e-02
   3.2977451e-02
   1.0448345e-01
   4.9825839e-02
  -1.0978323e+00
   1.0378161e-01
  -8.1203815e-01
  -2.0294588e-01
  -7.4957395e-02
  -9.2682228e-01
   1.2467295e-01
  -4.4125895e-01
   1.5120749e-01
  -1.1914346e-01
  -6.5624521e-02
  -2.3837959e-01
  -1.0940839e+00
  -3.7523448e-01
  -9.4815765e-01
   3.8889341e-01
  -1.7101203e-01
   8.1254132e-01
  -5.8791590e-01
  -6.5807166e-02
  -9.1492221e-01
  -2.2125880e-01
  -8.2684407e-02
  -3.1880475e-01
  -2.8544080e-01
  -2.6072503e-02
  -3.5877053e-01
  -2.4855902e-01
  -3.0158409e-01
  -3.9389427e-01
   1.3276118e-02
  -3.3179149e-02
  -2.2295536e-02
  -1.0606899e-01
   1.3706157e-02
  -7.0266293e-02
  -3.7601849e-01
  -7.0131639e-01
   1.0143723e-01
  -7.8763527e-02
  -2.8149060e-01
   1.1075458e-01
  -2.8147283e-01
  -1.1011304e+00
  -7.9911657e-01
  -2.8202942e-01
  -3.5721071e-01
  -8.2254591e-01
  -2.8975582e-03
  -1.7856491e-01
   2.6911810e-01
  -7.0557388e-01
  -2.8710535e-01
   1.5533298e+00
  -1.4219682e-01
   4.7919264e-01
  -3.0945424e-01
  -7.6125824e-02
  -3.8450196e-01
   8.3707151e-01
  -1.3673859e-01
  -4.5937140e-02
  -2.0369686e-01
  -1.7404194e-01
   1.9662710e-01
  -1.8779103e-01
   2.9138743e-01
   2.5583203e-01
  -4.2062912e-02
  -8.3334866e-01
  -9.0916636e-04
  -1.2547617e+00
  -2.2768286e-01
  -1.0423969e-01
   1.8381652e-02
  -3.3318416e-01
   8.5433850e-03
   3.9639914e-01
   2.2344429e-02
  -3.7241567e-02
   3.1151122e-02
   5.0605383e-02
  -4.6744613e-02
  -7.3293412e-01
   4.3281455e-02
  -1.9043555e-01
   8.6440927e-02
   5.2033509e-03
   1.5417079e-01
  -8.0828299e-02
   1.9302319e-01
  -1.0297675e-01
  -7.0133811e-02
   3.8969093e-01
   1.0808229e-01
  -5.5494482e-02
   1.6079327e-01
  -5.1988453e-02
  -1.0060236e-01
  -2.3470212e-01
  -4.9716997e-02
  -3.0521588e-02
  -9.3780287e-02
  -5.2240825e-01
   4.6912201e-02
  -4.8999691e-02
   2.6526396e-02
   3.2137778e-02
   2.2748161e-01
   8.9403108e-02
  -2.2328611e-02
   1.3403153e-02
   7.1002440e-02
  -8.9590010e-03
  -8.7219830e-02
   2.8432931e-02
   4.1113869e-01
   1.7844128e-01
   9.9258812e-01
  -1.4865142e-02
   8.1362524e-02
   1.0059711e-02
   1.7342996e-01
  -6.5368044e-02
   5.6398672e-02
  -6.1607085e-02
  -1.2827731e-01
  -6.2410621e-04
  -9.8872191e-02
   5.3893697e-03
   1.7054717e-01
   3.8077375e-02
   1.1287623e-02
  -7.9897001e-02
   1.5285717e-02
   7.4220646e-03
   2.2785467e-02
  -1.0295241e-01
  -3.2979005e-02
  -8.9634569e-02
   4.5205441e-02
   1.2666291e-01
   1.3131546e-01
