  -8.1495981e-01
   4.8888878e-02
   2.4511061e-01
   9.0275682e-02
   2.3294362e-02
   8.2579453e-02
   3.7895973e-02
  -1.2658209e+00
   1.5493113e-01
  -1.1832957e+00
  -2.8076269e-01
  -8.4873974e-02
  -9.3230728e-01
  -1.7878806e-02
  -3.5771719e-01
   1.7655538e-02
  -1.4549938e-01
  -2.4344387e-01
  -2.4855440e-01
  -9.6867510e-01
  -4.0624230e-01
  -8.0626239e-01
   4.2120436e-01
   8.8013430e-02
   8.1695110e-01
  -5.7956656e-01
   1.9421438e-02
  -9.4278478e-01
  -2.7032810e-01
   1.0304108e-01
  -5.6826132e-01
  -2.8698615e-01
  -2.2326030e-02
   2.3904137e-01
  -1.9592618e-01
  -3.1206557e-01
  -4.0587062e-01
  -2.5080550e-02
  -3.5429919e-02
  -5.8279468e-03
  -1.1951440e-01
   1.7611981e-02
  -7.2703349e-02
  -3.6896372e-01
  -7.2309201e-01
   6.6903763e-01
  -4.3213490e-02
  -2.8168776e-01
   1.2349860e-01
  -3.1418014e-01
  -1.1048684e+00
  -7.9701320e-01
  -2.9209783e-01
  -3.7760818e-01
  -8.5437855e-01
  -6.4976436e-02
  -1.5578601e-01
   2.0442889e-01
  -6.8182528e-01
  -2.9847610e-01
   1.6863324e+00
   1.7857711e-01
   9.2233572e-01
  -3.1500794e-01
  -2.2159584e-01
  -3.8001852e-01
   2.7371800e-01
  -2.9296705e-01
  -4.6099132e-02
  -2.6354972e-01
  -1.8974341e-01
   1.9486023e-01
  -1.9046139e-01
   2.9270753e-01
   9.6840955e-02
   1.4737713e-02
  -8.3936306e-01
   1.7129715e-02
  -7.7757190e-01
  -2.3213961e-01
   3.0886720e-02
  -1.3311108e-01
  -4.3243785e-01
  -1.8761032e-01
   4.9906085e-01
  -9.3017838e-04
  -3.1587788e-02
   1.0033455e-02
   8.7502635e-02
  -6.3211502e-02
  -9.9117903e-02
   5.0251033e-02
  -1.9148770e-01
   5.0853514e-02
   7.5762689e-03
   1.3621841e-01
  -8.1266930e-02
   1.6606507e-01
  -9.0306207e-02
  -7.3173262e-02
   1.1239772e-01
  -5.6200486e-03
  -5.1593961e-02
   1.5941564e-01
  -9.9229441e-02
  -1.0024133e-01
  -2.1709186e-01
  -4.8059644e-02
  -2.5098315e-02
  -5.3328075e-03
   3.9632643e-02
   4.9847228e-02
  -4.9269224e-02
   2.4903569e-02
   2.9494053e-02
   1.9288434e-01
  -2.0994959e-01
  -1.6870040e-01
  -6.7507761e-03
   4.7218219e-02
   1.7784780e-02
  -8.7800747e-02
   2.8393377e-02
   4.7507270e-01
   2.0427806e-01
   2.6341980e-01
  -2.4989929e-02
   6.8608440e-02
   1.0916672e-01
  -1.0097099e-01
   3.1744134e-01
   6.3395777e-02
  -5.9876201e-02
  -1.2288714e-01
   8.3164245e-03
  -8.0991873e-03
  -4.1578085e-02
   1.2334677e-01
   7.1586921e-03
   1.1872517e-02
  -4.5525932e-02
   2.3978572e-02
   1.4934451e-03
   2.2983483e-02
  -1.0349974e-01
  -3.4864659e-02
  -9.0203626e-02
   3.8473402e-02
   2.7682291e-01
   1.1967331e-01
