  -3.0666570e+01
   6.6727694e+00
   4.6210856e+00
   2.5363440e-01
   5.5069197e-01
   2.9044244e-01
   1.3594444e-02
  -3.0066101e+01
   5.9698141e-01
  -3.8343155e-01
  -4.6143968e-01
  -3.3099377e-01
  -1.4159409e+00
  -2.1664648e+00
  -3.2813790e-02
   2.9936737e+00
   7.9274126e-01
  -6.6871604e-02
  -2.6428791e+00
  -3.9558703e+00
  -5.7329131e-01
   2.5989916e+01
   7.9864667e-01
   4.5522788e-01
   1.2377778e+00
  -4.7313053e-02
  -8.9650301e-01
  -6.9062888e+01
  -4.8459787e-01
   4.1465999e+00
  -3.9508997e+00
  -4.3643689e-01
   9.5719485e-01
  -7.8122795e+00
   1.4162749e-01
  -7.7321273e-01
  -4.1046894e-01
  -1.9029641e-01
   1.4959492e-01
  -1.9112563e-01
   3.4914353e-02
  -4.4871715e-03
   9.1017373e-02
  -5.6936530e-01
  -1.0712087e+00
   5.6952774e-01
  -4.2876599e-01
  -7.5365680e-01
  -1.5117650e+00
  -4.4497538e+00
  -1.5767035e+00
  -2.5557597e+00
  -7.8237271e-01
   1.1868119e-01
  -7.6181168e-01
  -1.3741878e-01
  -4.0976902e-01
   4.7173137e-01
  -1.0652497e+00
   2.7914860e-01
   6.4538108e+01
  -4.6087036e+00
   2.0497321e+01
  -1.4116963e-01
  -7.8973582e-01
  -4.7044034e-01
   1.2099982e-01
   2.0300224e-02
  -1.8009899e-01
  -3.6121021e-01
  -4.7652942e-02
   5.8424931e-01
  -1.9884409e-01
   5.7178722e-01
   1.3863393e+00
   2.4025459e-01
  -1.5980654e+00
   2.3737619e-01
  -7.9106138e+00
  -3.0714305e-01
   1.7145195e+00
   4.2664436e-01
  -1.2205788e+00
  -1.4539327e+00
   2.5823664e+01
   1.4228966e-02
   3.1557755e-02
  -1.3007038e-01
   1.3003853e-01
  -9.9969530e-02
  -5.9084836e-01
   8.8276450e-02
  -2.6488756e-01
   3.6670532e-01
   1.3426579e-03
   2.2012769e-01
  -1.3626254e-01
   1.1786783e-01
  -2.7994262e-01
  -1.7185412e-01
   9.9656700e-01
  -1.8753548e-01
   9.2855397e-02
  -1.3389151e-01
  -8.2756725e-02
  -1.4652365e-01
  -5.0844081e-01
  -7.7359418e-02
  -7.9048377e-02
   4.5180462e-01
  -1.0135450e+00
   8.1146416e-01
  -7.4505363e-02
   1.0380299e-01
   4.7611408e-02
   4.0567551e+00
  -5.7623840e-01
   1.8093962e-01
  -7.1210863e-03
   2.3882108e-01
   1.5971523e-01
  -1.3162746e-01
   3.1435260e-02
   6.0646188e-01
   1.6721418e-01
   5.7978335e-02
  -2.3278528e-02
  -1.9719211e-01
   5.0701614e-01
   1.7034151e-02
  -6.6562216e-02
  -2.3332741e-02
  -1.1463174e-01
  -2.0122726e-01
   1.1956179e-01
   1.1081327e+00
   1.9334072e-02
   4.1265328e+00
  -4.1541260e-02
   5.8368990e-02
  -8.1161504e-02
   3.2280032e-03
  -4.4201281e-02
   7.9555465e-03
  -1.5668564e-01
  -1.7285228e-02
  -1.4495519e-01
   2.5086895e-01
   3.6337594e-01
   2.0455616e-01
