  -7.1580499e-01   3.0396681e-01   1.9494897e-01   1.4101862e+00   5.4346502e-03   1.6196833e+00
  -5.6949827e-01  -5.0833848e-01   8.7568393e-01   4.6598040e-02  -2.9547058e-01   1.6782250e+00
  -3.3019958e-01   4.5031539e-01  -1.1903416e-02  -3.0734946e-01  -8.5584212e-01   1.4505948e+00
   5.1824354e-01   4.8051326e-01   1.0620605e+00   1.4093596e+00   5.1615985e-01   1.1216825e+00
   3.1850625e-01   6.0741455e-01   3.4721491e-01   1.4127657e+00   1.2728433e+00  -2.7487102e-01
  -1.0581671e-01   1.5264381e-01   3.3913258e-01   9.8182263e-02   6.8767324e-01  -5.2752923e-02
   3.7899465e-02  -2.9073766e-01  -7.7122868e-01  -3.5112452e-01   1.5336283e+00   6.6622551e-01
   8.4448640e-01  -1.3941245e-01  -4.0518624e-02   5.2470758e-01  -6.8480705e-01   2.1682949e+00
   1.3368811e-01  -9.5438698e-02  -1.2830961e+00   2.8342123e+00  -5.9725564e-02   1.2132719e+00
  -2.2245948e-01  -1.3073553e-01  -3.1083367e-01   1.3812828e+00   2.7485735e-01   1.5247813e+00
  -6.4540522e-01  -2.9719399e-01  -6.3176824e-01   1.8169389e+00  -6.9672232e-01   8.9257439e-01
  -4.0776103e-01  -3.1697323e-01  -1.7607066e-01   8.1731332e-01  -1.0654381e+00   1.5652525e+00
   4.7543098e-02   4.7786396e-02   4.2241609e-01   8.3508084e-01  -1.0742827e+00  -1.4193970e+00
   3.2926805e-01   3.4514249e-01  -5.3074150e-01   1.8651329e+00  -1.0143123e-01   1.1187280e+00
  -5.1474682e-01   1.2154769e-02  -7.3379780e-01   6.2704125e-01  -1.1204837e-01   1.5628834e+00
   1.6119891e-01   3.2040930e-01  -3.6750531e-01   8.6339346e-01   7.5747008e-01   1.5701200e+00
   6.2138487e-01  -2.8922356e-01  -5.3407723e-01   2.1175861e-01   8.0590168e-01   1.4900803e+00
  -3.7587998e-01   9.3740597e-01   1.0184020e+00   1.8063251e+00   7.0135917e-02   1.0085650e+00
   6.2122256e-01  -2.8404497e-01  -1.1119120e+00   1.0885107e+00   1.1892513e-01   6.6151745e-01
   1.7075718e-01   4.9471987e-01  -6.1479419e-01   1.8804539e+00   5.6527159e-01   2.1720100e+00
  -3.1188122e-01  -2.2084123e-01  -9.9100002e-01  -1.0256315e-01  -3.4972100e-01  -3.3121645e-01
  -8.9467461e-02   5.2612073e-01  -7.0223988e-02   4.3443137e-01  -2.1427508e-02   1.5390325e+00
  -5.7473268e-01   3.3721312e-01   8.4150824e-01   1.4796378e+00  -4.7390787e-01   1.2949935e+00
  -7.5066584e-01   5.3772661e-02   3.7357357e-01   9.2053238e-01   1.5420983e-01   1.8582374e+00
   7.8167869e-01  -4.8805030e-03   1.0861438e+00   1.4442901e+00  -2.6053918e+00   8.0950452e-01
  -2.3916699e-01  -1.2325536e-01  -6.4801047e-01   1.1905282e-01   9.5986129e-01   1.4022932e+00
   6.9174532e-01   5.3824539e-01  -5.8640392e-01   1.2665501e+00   6.4865762e-01   1.9676156e+00
  -7.5088162e-01   2.9638007e-01   7.3829391e-01   8.0139906e-01   1.2474511e+00   9.3693048e-01
   1.4040506e-01   6.2006439e-02   1.1439291e+00   9.3641039e-01   1.5063248e-01   4.0878084e-01
   2.5181301e-01  -1.6186404e-01   1.6295771e-01   4.7269273e-02   5.3431369e-01   1.9368207e-01
  -8.4356558e-02  -2.7933847e-03  -4.5446439e-01   3.2911248e-01  -2.4895638e-01   9.4745456e-01
   9.1798102e-01  -7.8214617e-03   1.2217792e+00   1.7698767e+00   2.0058468e+00   9.9245601e-01
   3.5779834e-02   7.9416002e-02   1.6400367e+00   9.0178706e-01  -9.1694178e-01   1.4349331e+00
   3.0403571e-01   9.0599385e-02  -1.5638484e-01   1.4255330e+00   1.3843667e-01   1.5923720e+00
   3.8578256e-01  -2.2863111e-01  -4.2021282e-01   5.9675655e-01  -1.5085255e+00   1.2857556e+00
   9.4741189e-01   6.0387457e-01   3.5858323e-01   2.4168063e-01   3.5439870e-03   1.6962964e+00
  -1.9617513e-01   7.5094978e-03   5.7011980e-01   1.0096689e+00  -5.0392162e-02   1.6951838e+00
   7.2308412e-01  -4.5740914e-01  -9.6797485e-01   9.5509645e-01  -3.0803044e-01   8.1505905e-01
  -4.3687215e-01  -7.3372348e-02   2.9067830e-01   6.4192957e-01  -1.0100458e+00  -3.1548655e-01
   3.8476269e-01  -5.3934289e-01  -7.4596512e-01   8.3833734e-01  -9.6986125e-01   1.9181072e-01
   2.3399951e-01   4.0057322e-01  -7.3163890e-01   1.0406100e+00  -9.1901610e-01   8.3899637e-01
  -1.1155091e-01  -2.3448878e-01  -1.9041201e-01   1.9163123e-01  -1.5773838e+00  -8.3086940e-02
   5.9901024e-02  -4.9594798e-02  -2.9988859e-01   4.1892884e-01  -7.8827569e-01  -8.3135352e-02
  -4.4673628e-01  -5.5080039e-01  -1.2416268e-01   1.1509946e+00  -1.0377797e+00   2.9496814e-01
  -1.7461627e-01   8.3954468e-02   7.1931295e-01   7.2298532e-01   1.3477255e+00   1.0333803e+00
  -7.2916538e-01   5.2317588e-01  -3.9753618e-01  -2.1056347e-01   3.1339271e-01   6.1128638e-01
  -4.4787361e-02  -2.8582464e-01  -7.9784448e-02   9.4365137e-01   2.0211742e-01   6.9809189e-01
   8.3580646e-01   1.0206328e+00  -4.2569293e-01   7.1506471e-01  -1.5981490e+00   1.3704007e+00
   9.8859425e-01  -6.6218365e-03  -2.6087661e-01   2.0314866e+00  -9.8878023e-01   1.0564222e+00
  -8.2562608e-02   4.7220881e-01   5.5833568e-01   4.1883995e-01   1.1801717e+00   1.8387624e-01
  -1.0305518e+00  -3.8257449e-02  -1.2584827e+00   9.8072554e-01   1.4402133e+00   9.6127338e-01
  -9.6652333e-02   1.1453309e+00  -6.8102398e-01   9.4627623e-01   5.3592608e-01   1.9505197e+00
   2.5812025e-01   8.1070808e-01   6.7479565e-02   8.9389408e-01   1.0771201e+00  -4.8353016e-01
  -1.3396455e-02   1.9603909e-01   5.3874195e-01   5.4245542e-01   9.9423007e-01  -1.1434625e-01
  -3.9070491e-01   2.8621125e-01   6.7753079e-01   3.7618001e-01   8.7278205e-01   8.0910155e-01
   4.3023878e-01   1.4380380e-01   3.6103316e-01   4.0511027e-01   9.7881002e-01   1.0100340e+00
   4.4621764e-01  -1.8525932e-01   6.4944731e-01   1.0079958e+00   8.3791070e-01  -2.4988422e-01
   7.0362209e-01  -8.1351500e-03   8.3564133e-02   9.3481413e-01   4.1972428e-01  -1.3828720e-02
   3.8719358e-01  -4.6889670e-01   7.6133889e-01   1.0077281e+00  -1.0743708e+00   3.3130741e-01
  -4.9147344e-01   3.0871855e-01   8.6008516e-01   1.3009321e+00  -2.8898105e-01   1.1416271e+00
  -7.5323885e-02   4.5915628e-02   3.4471180e-01   1.0457046e+00  -3.9490491e-02   1.6505049e+00
  -1.7390312e-01   5.3739870e-02   1.8248409e-01   1.1759292e-01   3.7275127e-01   1.1313566e+00
  -1.0136010e+00   1.5699284e-01   2.1869213e-01   9.9067690e-01   9.7314396e-01   8.7971510e-01
   1.0799529e-01  -5.4962233e-02   4.1900501e-01   2.6657033e-01  -5.9322328e-02  -2.6025308e-02
   4.5880539e-01   4.7813816e-01   5.8083592e-01   3.5078002e-01  -1.0576084e+00   9.9246907e-01
  -3.7023843e-01  -8.2282775e-01   1.8735284e+00   1.6155571e-01   1.5867584e-02   1.5039744e+00
   2.1430109e-01  -5.2780948e-01   8.7848970e-02   8.4977846e-01  -2.8343076e-01   9.3718760e-01
  -3.1003251e-01  -1.0272529e+00   4.6015163e-01   1.1678591e+00  -1.0087199e+00   1.1749379e+00
   5.0277158e-01  -3.7108307e-02  -7.0111071e-01   1.4901585e+00  -1.4203622e+00  -1.7559957e-01
   6.2117885e-02   4.4172888e-01  -2.4547335e-01   8.8999422e-01  -4.0693759e-01  -3.1326397e-01
   1.8652482e-01   2.1416396e-01   2.0990288e-01   4.4778707e-01  -7.6142099e-02  -7.0756786e-02
   3.5168481e-01  -9.2849389e-02   8.6443407e-01   1.6067278e+00  -1.1577811e+00   1.0216249e+00
   2.0803435e-01  -5.2134633e-01   5.6315063e-02   4.6740936e-01  -1.3008997e+00   1.5129615e+00
   5.4391277e-02   2.0868643e-01   4.7560361e-01   2.2735523e+00  -1.7312390e+00   1.4856705e+00
  -3.8116926e-01   2.0987953e-01  -4.2851450e-02   3.4086853e-01  -2.9865079e-01   8.5111872e-01
  -7.1485834e-02  -3.9074210e-01   5.3401105e-01   1.8507869e-01   1.1041266e+00   1.8881778e+00
  -5.1299533e-01   5.5551571e-01   9.4358340e-01   1.0764390e-01  -6.9891607e-01   4.4843145e-01
   1.4862373e-01  -2.2332197e-01   4.7250369e-01   1.0595921e+00  -1.8095106e+00   1.1045510e+00
  -8.2989477e-01  -5.2784001e-01  -7.1950815e-01   1.0846064e+00  -6.2128815e-01   1.6222779e+00
  -5.5321063e-02   1.1083046e-01  -1.5355844e+00   2.3614108e-01   8.3257233e-01   1.8964962e+00
  -7.6794159e-01  -8.7938857e-01  -2.4751706e-01   7.4275507e-01  -8.6291390e-01   1.4342235e+00
   8.2799591e-01   1.7213243e-02  -2.2111889e-01   1.0814814e+00  -7.7249718e-01   4.6782712e-01
  -3.4905937e-02   3.8495084e-01   6.1319726e-01   1.6495567e+00  -2.8505830e-01   6.4313962e-01
   8.4180256e-03  -6.3304687e-01  -7.1343444e-02   1.3343588e-01  -1.1464036e+00   5.5076583e-01
   7.8725244e-01  -1.7546828e-01  -2.1278768e-01   8.0242806e-01   3.2584473e-01   1.7833416e+00
  -1.4932185e-01  -1.6130624e-01  -3.2621270e-01   1.1223482e+00  -1.6244007e+00   6.3772609e-01
   2.4240741e-01  -5.0925913e-01  -7.8954224e-01   4.2305280e-01  -1.3072229e+00  -3.9378121e-01
  -9.4666183e-01   1.0403801e+00  -7.1772817e-01  -1.7603527e+00   3.4946720e-02   8.1706182e-03
   1.1944499e+00   2.8660700e-01   9.9416592e-01   4.6317870e-01  -8.2829976e-01   1.8730504e+00
   1.4791307e+00   1.3497778e+00  -1.3536533e+00   2.4249332e+00   8.8587394e-01   7.7004938e-01
  -8.1474924e-01   6.1689238e-01  -4.1752494e-02   6.6922589e-01  -4.0261371e-01   1.2212539e+00
   2.1398369e-01  -1.7000935e+00   4.6612765e-01   6.9736865e-01   2.2499691e-01  -7.8335583e-01
  -1.1413628e+00  -2.9796539e-01   6.3689770e-01   1.2070453e+00  -1.9532495e+00   1.4018309e-01
  -3.8923275e-01  -4.5888181e-01   2.5406251e-01   9.8099209e-01  -1.5263946e+00   1.4920322e+00
  -1.6204924e-01  -2.4454383e-01  -1.6296074e+00   2.9494706e-01  -8.2568906e-01   2.2323790e+00
  -1.6376179e+00  -1.1300407e+00  -2.5879545e-01   6.5552381e-01  -1.8309069e-01   2.1237056e+00
  -1.7140671e+00   4.2443146e+00  -5.9712215e-01  -1.5981389e-01   2.4570726e+00   1.4220429e+00
  -1.9011278e+00   4.5245631e-01   3.4845175e-01  -7.3730160e-01   8.7478665e-01   1.0776836e+00
  -5.7968240e-01  -2.0523870e-01  -2.7924795e-01   2.3232138e+00  -4.5228904e-01   2.4002378e+00
  -4.9658623e-01   1.8214961e-01   9.4400486e-01   1.4163199e+00   6.1248463e-01   1.8143513e+00
  -1.2022839e+00   1.8535692e+00  -6.7825881e-01   6.6416319e-01   8.1098834e-02   1.3545930e+00
  -2.7002328e-01  -7.6102932e-01  -7.5577120e-01   1.2637616e+00  -1.5358194e+00   1.2356554e+00
   3.7389221e-01   9.8566411e-01  -8.8996418e-01   1.3150734e+00   5.0483441e-01   2.6921364e-01
  -7.7729270e-01  -1.9689751e+00   3.1024134e-01   1.7701891e+00   1.3508814e+00   1.5163627e+00
   1.8240228e+00   6.0725476e-02  -7.0372617e-01  -2.0192124e-01  -6.0581601e-01   6.6414351e-01
   1.8802247e+00   1.0601443e+00  -6.5972340e-01   2.3304538e+00  -4.3686003e-01   2.7872514e+00
   1.5345135e+00   4.5688367e-02   1.9611382e-01   1.6693884e+00  -1.1786525e-01   9.0193347e-01
  -8.1082331e-01   1.3035645e+00   1.0935437e+00   4.1952516e-01  -1.5996731e+00   1.6847459e+00
  -1.8816291e+00   1.6105772e+00  -4.7316273e-01  -1.1479728e+00  -3.1749441e-01   2.1328199e+00
   3.9054023e-01  -2.0894196e+00  -5.9133163e-01   5.3026039e-02   1.1193985e-01   8.6866207e-01
   5.7839999e-01  -2.0400127e+00  -5.0137080e-01  -4.1731368e-01  -3.4076801e-01   9.7690785e-01
  -7.1711742e-01  -1.9412063e+00   1.9261876e-01  -8.8503238e-01   7.8622111e-01   3.6118104e-01
  -1.2577944e+00  -6.3161999e-01   1.6577998e+00   1.6814185e+00  -1.7046404e+00   3.1945800e+00
  -8.2702910e-01  -6.6708135e-01   7.7612096e-01  -6.3549364e-01  -2.9030569e-01  -1.1977652e-01
   1.3877073e-01   1.2049860e+00  -5.0263521e-01   1.3180011e+00  -9.5507907e-01   2.6840709e+00
  -3.7767530e-02  -3.1323162e-01   2.9358397e-01   1.3061759e+00   3.1643933e-01   1.8673355e+00
  -3.6692120e-01  -7.6206814e-01   5.4657656e-01   1.7489262e+00  -9.0754361e-01   8.9721722e-01
  -1.3699555e+00  -3.2216026e-01  -1.3093130e-01   2.7246122e-01  -6.0965993e-01   1.4204543e+00
   1.7679952e+00   3.5053361e-01   5.4234719e-01   2.4535136e+00   8.2112635e-01   1.5594985e+00
  -2.7926177e-01  -9.8799800e-02  -3.6104015e-01   1.9736447e+00  -5.0910517e-01   2.5669476e+00
  -4.4468938e-01   6.7128769e-01  -1.1074616e+00   3.2746572e-02   9.5747772e-01   4.9894165e-01
  -1.8551450e+00  -1.1533452e+00  -6.4006224e-01   2.3266222e+00  -6.3500172e-01  -7.7474579e-01
   6.8988638e-01  -5.0527972e-01  -1.3668765e+00   9.1351610e-02   1.9998230e-01   2.4761425e+00
   3.0781119e-01  -7.8082518e-01   2.8113234e-01   2.0889052e+00   7.9500355e-01   5.8384662e-01
   1.9146531e+00  -9.5513303e-01  -7.6971227e-01   2.0155174e-01  -2.5607084e-01   6.9871026e-01
  -1.1023595e+00   1.7490989e+00  -7.3211569e-01   2.0030810e+00  -7.4003368e-01   1.9744962e+00
   7.8080226e-01  -3.2562749e-01  -3.3681337e-01   1.0199936e+00  -2.8632832e-01  -9.3912180e-01
   2.1857079e-01  -1.0144998e+00  -1.7566752e-01  -1.4100412e-01   2.1681700e-01   2.9779309e-01
   9.8004263e-02   2.2767373e-01   9.5551503e-01   1.1266657e+00  -3.8054645e-01   2.0168652e+00
   1.2602293e+00  -2.2167771e-01   9.3561427e-01  -3.1624953e-01  -1.4836994e-01   2.1052092e+00
   7.1215581e-01  -1.3497732e-01   2.3302568e-01   1.8549652e+00  -8.7663972e-01   2.5820573e+00
   1.1380745e+00  -4.9189348e-01   1.5259470e+00   1.4710368e+00  -1.0109577e+00  -5.7599127e-02
   1.5935880e+00   4.8371875e-01  -2.8830083e-01   2.1839077e-01   1.2515054e+00  -5.7754129e-01
  -9.3391254e-01   2.7779825e-01   5.2281706e-01   7.1581037e-01   7.5707209e-01  -5.4233023e-01
  -5.6536576e-02   3.7132345e-01   5.6733759e-01   1.0165792e+00   3.3032126e-01   2.7046051e+00
   3.3421156e-01   4.8848813e-01  -6.8231183e-01   2.2746934e+00   2.0094175e-01   9.5082407e-01
   6.8502824e-02  -9.8214160e-01  -8.0965028e-01   2.0965529e+00   2.0924281e-01   1.2085249e-01
   6.6812394e-01  -4.2248450e-03  -1.0015627e-01   3.7228015e-01   2.8954099e-01   1.0247045e+00
  -1.3060664e+00   8.9843863e-01   2.0712280e+00   1.1411999e+00   3.7969896e-02   2.2371660e+00
  -2.5655465e-01   2.2414734e+00   2.1266316e+00   7.2911118e-01  -2.3178732e-01   2.0028584e+00
   1.2082590e+00   4.5821126e-01   1.0211495e+00   2.2800308e+00  -9.2106770e-01   6.9032832e-01
  -1.2176230e-01   1.5326593e+00   5.9596128e-01   2.1930381e-01   2.8460552e-01  -5.8544859e-01
   1.8622840e+00  -6.0036425e-02  -2.0177117e-01   2.3272137e-03  -4.4173452e-01   2.8757006e+00
  -5.7393471e-01  -9.5659844e-01  -2.8817612e-01   2.8370774e+00   1.5006884e+00  -3.1600104e-01
  -1.0942761e+00  -2.5416578e-01  -1.1845984e+00   6.4517783e-01   4.4801834e-01  -9.9640567e-01
  -1.8016159e+00  -1.2637474e+00   3.5583794e-01   2.4915647e+00  -1.4029380e+00   1.8310421e+00
   5.7698056e-02  -1.8981694e+00  -6.5028405e-01  -1.0679390e+00   1.2299937e+00   1.9793896e+00
   4.2828170e-01   3.9288139e-01  -2.8068573e-01   8.6883709e-01  -1.3184318e+00  -8.1086707e-02
  -7.0495773e-01  -8.5876885e-02  -7.5302330e-02   1.4713032e+00  -7.8865955e-01   1.8013981e+00
  -5.6017304e-01   2.0045477e-01  -9.2942936e-01   8.9886882e-01   1.3679233e+00   1.9285669e+00
