  -6.3975257e-01   3.0275835e-01   9.2055540e-02   1.3973293e+00   5.7151967e-02   1.5323765e+00
  -5.6963570e-01  -5.0835795e-01   8.4754919e-01   4.7867021e-02  -3.0843287e-01   1.6529429e+00
  -3.2162681e-01   4.5028040e-01  -1.8127114e-02  -3.0731052e-01  -8.7530396e-01   1.4099247e+00
   5.1804953e-01   4.8050876e-01   1.0672743e+00   1.4092400e+00   5.1459228e-01   1.1235982e+00
   3.1848082e-01   6.0741458e-01   3.4759129e-01   1.4127678e+00   1.2732488e+00  -2.7531511e-01
  -1.0640726e-01   1.5263606e-01   3.4247335e-01   9.8071514e-02   6.9260157e-01  -5.3601537e-02
   3.8122833e-02  -2.9073757e-01  -7.7151626e-01  -3.5115546e-01   1.5362061e+00   6.6591133e-01
   8.3954480e-01  -1.3941099e-01  -5.6350410e-02   5.2366144e-01  -7.1924988e-01   2.1756258e+00
   1.3514417e-01  -9.5455326e-02  -1.2879772e+00   2.8343026e+00  -3.7341000e-02   1.2113814e+00
  -1.5136359e-01  -1.3003138e-01   7.6949455e-02   1.3801788e+00   7.6553104e-01   9.4857780e-01
  -6.5659197e-01  -2.9719350e-01  -6.5101780e-01   1.8172547e+00  -6.6651743e-01   9.0620178e-01
  -4.0727592e-01  -3.1696926e-01  -1.7864316e-01   8.1723818e-01  -1.0616763e+00   1.5702193e+00
   4.7513106e-02   4.7786412e-02   4.2229054e-01   8.3507970e-01  -1.0738192e+00  -1.4191225e+00
   2.6957936e-01   3.4368657e-01  -1.7560438e-01   1.8247013e+00  -3.2060777e-01   8.7126984e-01
  -4.7071739e-01   1.3092625e-02  -5.8345985e-01   6.2610451e-01   8.3024586e-02   1.5080239e+00
   1.6346514e-01   3.2040963e-01  -3.6482434e-01   8.6315289e-01   7.6822101e-01   1.5933630e+00
   6.2069492e-01  -2.8922283e-01  -5.3807736e-01   2.1179389e-01   8.2779712e-01   1.4835074e+00
  -3.7633347e-01   9.3750533e-01   1.0659873e+00   1.8064556e+00   1.4216009e-01   1.0023849e+00
   6.3411142e-01  -2.8400244e-01  -1.1836511e+00   1.0883275e+00   1.6753992e-01   6.3001599e-01
   1.7186207e-01   4.9473563e-01  -6.3284160e-01   1.8798208e+00   4.8473994e-01   2.1644120e+00
  -3.1238572e-01  -2.2083764e-01  -9.8888550e-01  -1.0253563e-01  -3.5014618e-01  -3.3275563e-01
  -3.4677339e-02   5.4453512e-01  -1.8881153e-01   4.3183519e-01   6.8361749e-04   1.4767751e+00
  -5.2076161e-01   3.3671426e-01   6.1184191e-01   1.4733457e+00  -1.9017990e-01   1.1868263e+00
  -7.6542914e-01   5.3956897e-02   3.3380651e-01   9.2086150e-01   4.9716480e-02   1.8974285e+00
   7.8167863e-01  -4.8805033e-03   1.0861403e+00   1.4442901e+00  -2.6053871e+00   8.0950420e-01
  -2.4411539e-01  -1.2325995e-01  -6.1083912e-01   1.1989340e-01   9.2643318e-01   1.3758153e+00
   6.8827057e-01   5.3824601e-01  -5.8933052e-01   1.2667674e+00   6.0562522e-01   1.9720361e+00
  -7.5036638e-01   2.9638199e-01   7.2658783e-01   8.0143883e-01   1.2481422e+00   9.3613358e-01
   1.4019619e-01   6.2036603e-02   1.1536579e+00   9.3657179e-01   1.5690439e-01   4.1617766e-01
   2.6669217e-01  -1.6187698e-01   1.5950513e-01   4.8099463e-02   4.7267132e-01   1.4950376e-01
  -1.0975162e-01  -7.5558161e-04  -7.0956176e-01   3.2432072e-01  -7.6539126e-01   1.1479822e+00
   9.1798039e-01  -7.8214587e-03   1.2217638e+00   1.7698766e+00   2.0058345e+00   9.9245449e-01
   3.5780438e-02   7.9415992e-02   1.6399021e+00   9.0178814e-01  -9.1700146e-01   1.4348993e+00
   2.7626781e-01   9.1551037e-02  -2.9947020e-01   1.4344515e+00   3.4938571e-01   1.3776691e+00
   3.8614348e-01  -2.2862997e-01  -4.2043885e-01   5.9675255e-01  -1.5134090e+00   1.2863728e+00
   9.7028717e-01   6.0427631e-01   4.9047816e-01   2.3922952e-01  -1.5041601e-01   1.8089016e+00
  -7.8560140e-02   1.0160605e-02   8.2265600e-01   1.0061717e+00  -1.1036174e-01   1.7737064e+00
   7.4744903e-01  -4.5741669e-01  -1.0316595e+00   9.5552842e-01  -3.3462480e-01   7.7967950e-01
  -4.3680035e-01  -7.3373062e-02   2.9115457e-01   6.4194318e-01  -1.0053419e+00  -3.1455044e-01
   3.8477883e-01  -5.3934342e-01  -7.4613374e-01   8.3832614e-01  -9.6923719e-01   1.9164488e-01
   2.3520414e-01   4.0057828e-01  -7.3630229e-01   1.0406934e+00  -9.2669744e-01   8.4009253e-01
  -1.1154415e-01  -2.3448883e-01  -1.9037545e-01   1.9163190e-01  -1.5771513e+00  -8.3057043e-02
   6.1128090e-02  -4.9592169e-02  -3.0213179e-01   4.1894206e-01  -7.8112198e-01  -8.3483730e-02
  -4.4099478e-01  -5.5077916e-01  -1.3304338e-01   1.1502500e+00  -1.1333552e+00   2.7197682e-01
  -1.7364115e-01   8.3955980e-02   7.1512651e-01   7.2297652e-01   1.3515239e+00   1.0323510e+00
  -7.3177403e-01   5.2263151e-01  -4.2246413e-01  -2.1146018e-01   4.1234565e-02   5.9116024e-01
  -5.2364920e-02  -2.8593304e-01  -3.1243670e-02   9.4034495e-01   1.0267337e+00   4.8841006e-01
   8.3541171e-01   1.0206334e+00  -4.2663623e-01   7.1505189e-01  -1.5965772e+00   1.3710199e+00
   9.7998201e-01  -6.6321986e-03  -2.4079391e-01   2.0306041e+00  -9.5398826e-01   1.0424256e+00
  -8.1950968e-02   4.7220941e-01   5.5602118e-01   4.1885565e-01   1.1810354e+00   1.8399210e-01
  -1.0307375e+00  -3.8257666e-02  -1.2575862e+00   9.8073908e-01   1.4376357e+00   9.6134789e-01
  -8.8756193e-02   1.1453176e+00  -6.5786939e-01   9.4705352e-01   6.2025307e-01   1.9442304e+00
   2.5832186e-01   8.1070869e-01   6.8250298e-02   8.9388869e-01   1.0786844e+00  -4.8431580e-01
  -1.2875518e-02   1.9604381e-01   5.4356067e-01   5.4241008e-01   1.0032671e+00  -1.1726924e-01
  -4.0464013e-01   2.8626618e-01   7.1097305e-01   3.7797740e-01   8.9602548e-01   8.1192541e-01
   4.3222486e-01   1.4380048e-01   3.7753586e-01   4.0459876e-01   9.7668919e-01   1.0087929e+00
   4.4579517e-01  -1.8525595e-01   6.5253377e-01   1.0079157e+00   8.4562408e-01  -2.5286777e-01
   7.0029525e-01  -8.1758670e-03   1.0773505e-01   9.3330721e-01   4.4941222e-01  -3.6538472e-02
   3.8057498e-01  -4.6888950e-01   7.7444267e-01   1.0077675e+00  -1.0473411e+00   3.4031659e-01
  -5.0063272e-01   3.0899951e-01   7.8028855e-01   1.3030328e+00   2.0308625e-01   1.1550139e+00
  -1.5638898e-01   2.7035777e-02   1.4080754e-01   1.0634068e+00  -2.4307148e-02   1.5865317e+00
  -1.1502226e-01   5.3668321e-02   3.0782806e-01   1.0517814e-01   1.0458717e+00   1.1462924e+00
  -1.0311073e+00   1.5701180e-01   2.5732598e-01   9.8972764e-01   1.0783321e+00   8.7987778e-01
   1.1220710e-01  -5.4117314e-02   3.9388727e-01   2.6782415e-01  -1.4594979e-01   2.5737967e-02
   4.5401829e-01   4.7814179e-01   6.0185146e-01   3.5081640e-01  -1.0356340e+00   9.8510902e-01
  -3.7029219e-01  -8.2282673e-01   1.8713953e+00   1.6160329e-01   2.1053641e-02   1.5030833e+00
   1.9526926e-01  -5.2807567e-01  -1.8645574e-01   8.4619259e-01  -6.7574934e-01   1.0670854e+00
  -3.0906994e-01  -1.0272531e+00   4.5776095e-01   1.1678045e+00  -1.0143801e+00   1.1706455e+00
   5.0276647e-01  -3.7108169e-02  -7.0113108e-01   1.4901589e+00  -1.4203244e+00  -1.7567981e-01
   5.9876110e-02   4.4176068e-01  -2.5242627e-01   8.8994010e-01  -3.9332894e-01  -3.1949665e-01
   1.8778694e-01   2.1382221e-01   2.2365634e-01   4.4729559e-01  -4.6033476e-02  -9.7337991e-02
   3.5258565e-01  -9.2852768e-02   8.5988632e-01   1.6068449e+00  -1.1924920e+00   1.0201951e+00
   2.0790856e-01  -5.2134452e-01   5.5825053e-02   4.6730572e-01  -1.3105395e+00   1.5190874e+00
   5.4426009e-02   2.0868621e-01   4.7510638e-01   2.2735497e+00  -1.7297661e+00   1.4852908e+00
  -3.1299430e-01   2.0688144e-01  -7.7588388e-02   3.5183701e-01  -9.4735523e-02   6.8478233e-01
  -7.1462711e-02  -3.9074203e-01   5.3430273e-01   1.8508344e-01   1.1060037e+00   1.8881273e+00
  -5.1489458e-01   5.5554771e-01   1.0186134e+00   1.0696455e-01  -7.8224891e-01   4.2905366e-01
   1.4863578e-01  -2.2332195e-01   4.7287707e-01   1.0595779e+00  -1.8117736e+00   1.1044379e+00
  -8.5515517e-01  -5.2770388e-01  -6.4644594e-01   1.0839266e+00  -7.0647244e-01   1.6402940e+00
  -5.5221763e-02   1.1083041e-01  -1.5360926e+00   2.3613848e-01   8.3191197e-01   1.8966271e+00
  -7.6747966e-01  -8.7938443e-01  -2.6453965e-01   7.4185043e-01  -8.8902730e-01   1.4403094e+00
   8.2593445e-01   1.7222294e-02  -2.6483935e-01   1.0810481e+00  -7.7005364e-01   4.4852238e-01
  -3.3479795e-02   3.8518818e-01   9.0582794e-01   1.6490910e+00  -5.5669406e-02   5.3831691e-01
   9.6445637e-05  -6.3304388e-01  -5.5638207e-02   1.3483490e-01  -1.0950710e+00   5.3838371e-01
   7.1807743e-01  -1.7698250e-01  -2.0711631e-01   7.9664213e-01  -7.7810371e-02   1.8469133e+00
  -1.4911996e-01  -1.6130612e-01  -3.2623315e-01   1.1223433e+00  -1.6234556e+00   6.3823342e-01
   2.4240709e-01  -5.0925910e-01  -7.8946065e-01   4.2305190e-01  -1.3070534e+00  -3.9376472e-01
  -9.4688392e-01   1.0403614e+00  -7.1773400e-01  -1.7603124e+00   3.4755979e-02   1.0866304e-02
   1.1945026e+00   2.8660690e-01   9.9370417e-01   4.6318183e-01  -8.2728159e-01   1.8727698e+00
   1.4791317e+00   1.3497777e+00  -1.3534307e+00   2.4249305e+00   8.8560813e-01   7.7005930e-01
  -8.4941992e-01   6.1944029e-01  -2.2717178e-01   6.6409810e-01  -4.9817913e-02   1.3330111e+00
   2.1396774e-01  -1.7000943e+00   4.6655877e-01   6.9737764e-01   2.2416008e-01  -7.8351777e-01
  -1.1413653e+00  -2.9796536e-01   6.3700838e-01   1.2070459e+00  -1.9534045e+00   1.4013081e-01
  -3.8921218e-01  -4.5888189e-01   2.5371676e-01   9.8098405e-01  -1.5245721e+00   1.4918268e+00
  -1.6204894e-01  -2.4454384e-01  -1.6296080e+00   2.9494701e-01  -8.2568593e-01   2.2323784e+00
  -1.6371852e+00  -1.1300783e+00  -2.5545623e-01   6.5555527e-01  -2.2007679e-01   2.1158816e+00
  -1.7140669e+00   4.2443146e+00  -5.9712083e-01  -1.5981386e-01   2.4570695e+00   1.4220420e+00
  -1.9058015e+00   4.5245783e-01   3.5159014e-01  -7.3799897e-01   9.7038791e-01   1.0813864e+00
  -5.8000171e-01  -2.0523202e-01  -2.8144798e-01   2.3231536e+00  -4.5343191e-01   2.4009698e+00
  -4.9700874e-01   1.8215012e-01   9.4475681e-01   1.4163654e+00   6.1529793e-01   1.8146783e+00
  -1.2499414e+00   1.8530600e+00  -8.1958377e-01   6.6338616e-01  -9.2445583e-03   1.3682571e+00
  -2.7014868e-01  -7.6102954e-01  -7.5601397e-01   1.2637667e+00  -1.5355432e+00   1.2355769e+00
   3.7320612e-01   9.8566395e-01  -8.8358980e-01   1.3150611e+00   5.0273515e-01   2.7252438e-01
  -7.7778859e-01  -1.9689790e+00   3.0879859e-01   1.7702928e+00   1.3602817e+00   1.5201577e+00
   1.8225556e+00   6.0723851e-02  -7.0821042e-01  -2.0202800e-01  -6.2299596e-01   6.6533244e-01
   1.8802153e+00   1.0601444e+00  -6.5973203e-01   2.3304539e+00  -4.3684526e-01   2.7872749e+00
   1.5601719e+00   4.7031206e-02   2.2217702e-01   1.6709539e+00   8.2234733e-02   8.9065771e-01
  -8.1081696e-01   1.3035645e+00   1.0935114e+00   4.1952557e-01  -1.5996457e+00   1.6847515e+00
  -1.8813954e+00   1.6105786e+00  -4.7333727e-01  -1.1479583e+00  -3.1683096e-01   2.1324654e+00
   3.6973230e-01  -2.0899576e+00  -5.8349994e-01   5.4539083e-02  -1.4729849e-01   8.7202810e-01
   5.9493820e-01  -2.0398165e+00  -6.3955325e-01  -4.0731855e-01  -6.8059972e-01   1.0243364e+00
  -7.1400991e-01  -1.9412528e+00   1.8264310e-01  -8.8641432e-01   8.3221803e-01   3.2922126e-01
  -1.2577944e+00  -6.3161999e-01   1.6577999e+00   1.6814185e+00  -1.7046405e+00   3.1945800e+00
  -8.3013131e-01  -6.6709038e-01   7.7278226e-01  -6.3586814e-01  -2.9311995e-01  -1.2551189e-01
   1.3875693e-01   1.2049861e+00  -5.0264825e-01   1.3180050e+00  -9.5489852e-01   2.6841767e+00
  -5.6172722e-03  -3.1335627e-01   3.7055910e-01   1.3047617e+00   3.9662759e-01   2.0099002e+00
  -3.6012946e-01  -7.6204963e-01   5.8414843e-01   1.7483529e+00  -1.0163021e+00   8.7993372e-01
  -1.3710128e+00  -3.2214125e-01  -2.8057729e-01   2.7108901e-01  -6.6983183e-01   1.4788284e+00
   1.7680151e+00   3.5053387e-01   5.4222715e-01   2.4535143e+00   8.2101913e-01   1.5593512e+00
  -2.7915710e-01  -9.8802032e-02  -3.6042883e-01   1.9736791e+00  -5.0957528e-01   2.5668178e+00
  -4.4470641e-01   6.7128775e-01  -1.1076589e+00   3.2745218e-02   9.5772227e-01   4.9873192e-01
  -1.8551671e+00  -1.1533450e+00  -6.4011488e-01   2.3266220e+00  -6.3486615e-01  -7.7473970e-01
   6.8990345e-01  -5.0527971e-01  -1.3668247e+00   9.1353265e-02   1.9980910e-01   2.4761116e+00
   3.3364308e-01  -7.8094265e-01   2.9352127e-01   2.0904447e+00   8.6971301e-01   5.2322196e-01
   1.9141492e+00  -9.5515420e-01  -7.4749735e-01   2.0166892e-01  -2.8323700e-01   7.0111535e-01
  -1.0929957e+00   1.7490514e+00  -7.5156060e-01   2.0029859e+00  -7.1639236e-01   1.9656464e+00
   7.8085736e-01  -3.2562765e-01  -3.3669565e-01   1.0199937e+00  -2.8615054e-01  -9.3909903e-01
   2.4780162e-01  -1.0144884e+00  -1.3612379e-01  -1.4312427e-01  -2.3937286e-02   2.6506058e-01
   9.6686815e-02   2.2767425e-01   9.5526392e-01   1.1266421e+00  -3.8176238e-01   2.0158057e+00
   1.2656957e+00  -2.2168405e-01   9.5181895e-01  -3.1661888e-01  -1.3828772e-01   2.1142964e+00
   7.1205355e-01  -1.3497744e-01   2.3271710e-01   1.8549817e+00  -8.7415953e-01   2.5819830e+00
   1.1380716e+00  -4.9189349e-01   1.5259307e+00   1.4710365e+00  -1.0109933e+00  -5.7606935e-02
   1.5935878e+00   4.8371873e-01  -2.8828120e-01   2.1839201e-01   1.2514948e+00  -5.7742917e-01
  -9.3330609e-01   2.7780114e-01   5.2393959e-01   7.1588864e-01   7.5052259e-01  -5.4370067e-01
  -5.6847734e-02   3.7132537e-01   5.7151960e-01   1.0165551e+00   3.2256916e-01   2.7094164e+00
   3.3481986e-01   4.8846104e-01  -6.5370246e-01   2.2760227e+00   2.3761925e-01   9.5183075e-01
   6.8328277e-02  -9.8214277e-01  -8.0904762e-01   2.0967690e+00   2.1005911e-01   1.1858060e-01
   7.7832863e-01  -4.3039109e-03   2.2238165e-02   3.6790261e-01   9.3650635e-01   1.0279588e+00
  -1.3060488e+00   8.9843860e-01   2.0712097e+00   1.1411988e+00   3.7937683e-02   2.2371237e+00
  -2.5655343e-01   2.2414733e+00   2.1266189e+00   7.2911103e-01  -2.3174934e-01   2.0028551e+00
   1.2085379e+00   4.5821125e-01   1.0200773e+00   2.2800080e+00  -9.2153357e-01   6.8997636e-01
  -1.2177706e-01   1.5326597e+00   5.9595331e-01   2.1930143e-01   2.8490501e-01  -5.8552630e-01
   1.8622851e+00  -6.0036419e-02  -2.0178087e-01   2.3276130e-03  -4.4173844e-01   2.8757026e+00
  -5.7393107e-01  -9.5659844e-01  -2.8819831e-01   2.8370782e+00   1.5007505e+00  -3.1603541e-01
  -1.0942966e+00  -2.5416580e-01  -1.1846042e+00   6.4517727e-01   4.4794155e-01  -9.9644830e-01
  -1.8015993e+00  -1.2637474e+00   3.5587477e-01   2.4915663e+00  -1.4030436e+00   1.8311520e+00
   5.7667788e-02  -1.8981691e+00  -6.4988531e-01  -1.0679180e+00   1.2307168e+00   1.9789366e+00
   4.2836602e-01   3.9288082e-01  -2.8051302e-01   8.6884994e-01  -1.3201327e+00  -8.0544570e-02
  -7.1992650e-01  -8.5879822e-02  -4.6073986e-02   1.4746179e+00  -8.5332318e-01   1.8003505e+00
  -5.6014494e-01   2.0045474e-01  -9.2959611e-01   8.9886378e-01   1.3677190e+00   1.9287749e+00
