  -5.8404613e-01   3.0398082e-01   2.1417054e-01   1.3923527e+00   1.1846535e-02   1.4687266e+00
  -5.7016993e-01  -5.0835730e-01   8.4941751e-01   4.7839348e-02  -3.0861380e-01   1.6563426e+00
  -3.2427081e-01   4.5029730e-01  -8.0678957e-03  -3.0812508e-01  -8.9520729e-01   1.4494098e+00
   5.1834439e-01   4.8050902e-01   1.0722250e+00   1.4092641e+00   5.2372535e-01   1.1243774e+00
   3.1848412e-01   6.0741457e-01   3.4758930e-01   1.4127676e+00   1.2732414e+00  -2.7530149e-01
  -1.0628026e-01   1.5263557e-01   3.4205669e-01   9.8071533e-02   6.9381698e-01  -5.3820848e-02
   3.8125405e-02  -2.9073758e-01  -7.7149124e-01  -3.5115506e-01   1.5361631e+00   6.6591817e-01
   8.4125771e-01  -1.3941089e-01  -4.9192157e-02   5.2369728e-01  -8.4932936e-01   2.1765409e+00
   1.3590203e-01  -9.5457022e-02  -1.2874592e+00   2.8344992e+00  -4.8995316e-02   1.2071799e+00
  -1.5101085e-01  -1.3002125e-01   9.4759002e-02   1.3828427e+00   1.0960508e+00   9.4615147e-01
  -6.7140538e-01  -2.9720285e-01  -6.4557980e-01   1.8175288e+00  -6.7187514e-01   8.6774427e-01
  -4.0735930e-01  -3.1696961e-01  -1.7945547e-01   8.1727609e-01  -1.0485163e+00   1.5667815e+00
   4.7515243e-02   4.7786407e-02   4.2225384e-01   8.3508009e-01  -1.0744825e+00  -1.4191054e+00
   2.9852289e-01   3.4372884e-01  -3.3260838e-01   1.8289520e+00  -4.8970994e-01   8.4246072e-01
  -4.8074714e-01   1.3258243e-02  -8.8497959e-01   6.1982873e-01  -5.7883931e-03   1.8545066e+00
   1.6343950e-01   3.2040917e-01  -3.6470093e-01   8.6314818e-01   7.9340668e-01   1.5923525e+00
   6.2084592e-01  -2.8922239e-01  -5.4084603e-01   2.1176532e-01   8.1562693e-01   1.4861359e+00
  -3.6588683e-01   9.3746694e-01   8.4863197e-01   1.8046686e+00   6.8918004e-02   9.9921656e-01
   6.3501479e-01  -2.8399024e-01  -1.1860682e+00   1.0892195e+00   2.8459493e-01   6.3554838e-01
   1.7345997e-01   4.9473348e-01  -6.2221916e-01   1.8796721e+00   5.5858126e-01   2.1442835e+00
  -3.1250571e-01  -2.2084169e-01  -9.8903934e-01  -1.0256581e-01  -3.5260728e-01  -3.2817761e-01
   1.9644329e-02   5.4636451e-01  -2.2591790e-01   4.2169468e-01   9.3809885e-03   1.4534432e+00
  -5.5904000e-01   3.3680557e-01   9.0019022e-01   1.4773778e+00  -1.3601426e-01   1.3224387e+00
  -7.6679980e-01   5.4026952e-02   3.2170061e-01   9.2240812e-01   6.0262186e-02   1.8716677e+00
   7.8167867e-01  -4.8805034e-03   1.0861407e+00   1.4442901e+00  -2.6053875e+00   8.0950422e-01
  -2.4359455e-01  -1.2326081e-01  -6.1694841e-01   1.1977246e-01   9.5908271e-01   1.3788390e+00
   6.8794567e-01   5.3824692e-01  -5.9072474e-01   1.2667629e+00   5.9922435e-01   1.9737949e+00
  -7.5095429e-01   2.9637952e-01   7.2662328e-01   8.0144795e-01   1.2467296e+00   9.3530391e-01
   1.4037445e-01   6.2036962e-02   1.1385503e+00   9.3654780e-01   2.2523295e-01   4.2143453e-01
   2.6664484e-01  -1.6187811e-01   1.5449999e-01   4.7898459e-02   5.5834824e-01   1.4673919e-01
  -1.1159762e-01  -7.5642374e-04  -6.7765500e-01   3.2482772e-01  -8.8209069e-01   1.1219641e+00
   9.1797993e-01  -7.8214405e-03   1.2217870e+00   1.7698769e+00   2.0058649e+00   9.9245771e-01
   3.5777226e-02   7.9415992e-02   1.6399223e+00   9.0178774e-01  -9.1693259e-01   1.4349148e+00
   2.9604938e-01   9.1616920e-02  -4.0855787e-01   1.4366291e+00   5.9766080e-01   1.5381672e+00
   3.8598967e-01  -2.2863016e-01  -4.1938387e-01   5.9677580e-01  -1.5035016e+00   1.2840895e+00
   9.8681450e-01   6.0427457e-01   5.2562653e-01   2.3858939e-01  -3.7099826e-01   1.8299438e+00
  -8.1226982e-02   1.0165368e-02   7.7731130e-01   1.0061970e+00  -8.2545637e-02   1.7129609e+00
   7.4545875e-01  -4.5740849e-01  -1.0413974e+00   9.5582259e-01  -4.9887951e-01   7.7613218e-01
  -4.3692502e-01  -7.3373096e-02   2.8953197e-01   6.4194408e-01  -9.9258941e-01  -3.1380273e-01
   3.8459041e-01  -5.3934351e-01  -7.4427138e-01   8.3833008e-01  -9.7727185e-01   1.9230431e-01
   2.3489535e-01   4.0058133e-01  -7.3434233e-01   1.0408084e+00  -9.9866587e-01   8.3902920e-01
  -1.1154323e-01  -2.3448883e-01  -1.9036241e-01   1.9163040e-01  -1.5775901e+00  -8.3147827e-02
   6.0006555e-02  -4.9593935e-02  -2.9952841e-01   4.1896003e-01  -7.9908893e-01  -7.8902715e-02
  -4.4072174e-01  -5.5077775e-01  -1.3706637e-01   1.1501763e+00  -1.1425311e+00   2.9647392e-01
  -1.7394671e-01   8.3955947e-02   7.1594160e-01   7.2298035e-01   1.3510186e+00   1.0325188e+00
  -6.5985702e-01   5.2149065e-01  -2.7264190e-01  -1.9786742e-01   1.7923051e-02   9.5354082e-01
  -5.2180289e-02  -2.8593213e-01  -3.1122174e-02   9.4029595e-01   1.0121015e+00   4.8696574e-01
   8.3535244e-01   1.0206326e+00  -4.2610173e-01   7.1505912e-01  -1.5900566e+00   1.3698002e+00
   9.8395646e-01  -6.6242262e-03  -2.4939886e-01   2.0313945e+00  -1.0104701e+00   1.0521431e+00
  -8.2143393e-02   4.7220982e-01   5.5632532e-01   4.1885283e-01   1.1867860e+00   1.8355472e-01
  -1.0307589e+00  -3.8257970e-02  -1.2572476e+00   9.8073805e-01   1.4373324e+00   9.6127353e-01
  -8.8158891e-02   1.1453232e+00  -6.7005378e-01   9.4705867e-01   6.0109452e-01   1.9627287e+00
   2.5829166e-01   8.1070869e-01   6.8073610e-02   8.9388901e-01   1.0759950e+00  -4.8431531e-01
  -1.3043555e-02   1.9604390e-01   5.4272231e-01   5.4241692e-01   1.0050876e+00  -1.1658786e-01
  -4.0378327e-01   2.8626459e-01   7.1114512e-01   3.7831349e-01   8.8533358e-01   8.0745969e-01
   4.3206106e-01   1.4380012e-01   3.7437760e-01   4.0463579e-01   9.7472428e-01   1.0090280e+00
   4.4570602e-01  -1.8525574e-01   6.5242979e-01   1.0079247e+00   8.4700844e-01  -2.5251344e-01
   7.0384519e-01  -8.1782625e-03   1.0109069e-01   9.3338831e-01   4.3028604e-01  -6.5026202e-02
   3.8134857e-01  -4.6889011e-01   7.6045313e-01   1.0078688e+00  -1.0213316e+00   3.3801368e-01
  -5.0374694e-01   3.0904157e-01   9.3172233e-01   1.3036232e+00   1.6545836e-01   1.1667846e+00
  -2.2315137e-01   2.5094754e-02   9.4654106e-02   1.0722741e+00   1.5151434e-03   1.8177477e+00
  -1.1450535e-01   5.3668487e-02   3.0628610e-01   1.0512460e-01   1.0452707e+00   1.1470274e+00
  -1.0311024e+00   1.5700457e-01   2.5522514e-01   9.8968318e-01   1.1200943e+00   8.7901835e-01
   1.1282848e-01  -5.4135675e-02   3.5361891e-01   2.6909889e-01  -5.2234743e-01   1.3680405e-01
   4.5460834e-01   4.7814397e-01   5.9383545e-01   3.5075384e-01  -1.0567329e+00   9.9038261e-01
  -3.7027770e-01  -8.2282709e-01   1.8726205e+00   1.6158094e-01   5.1010784e-03   1.5034394e+00
   2.2340358e-01  -5.2807882e-01  -2.4549266e-01   8.4561515e-01  -7.2596675e-01   1.2321173e+00
  -3.0940205e-01  -1.0272522e+00   4.4286559e-01   1.1676991e+00  -9.1173471e-01   1.1675163e+00
   5.0274594e-01  -3.7108204e-02  -7.0094099e-01   1.4901552e+00  -1.4200395e+00  -1.7538616e-01
   5.9433287e-02   4.4175211e-01  -2.4869645e-01   8.9001891e-01  -4.4302187e-01  -2.9154401e-01
   1.8687233e-01   2.1381444e-01   2.0778033e-01   4.4754139e-01  -1.6605235e-01  -4.0812823e-02
   3.5264020e-01  -9.2852657e-02   8.6289367e-01   1.6068695e+00  -1.1953686e+00   1.0207602e+00
   2.0778757e-01  -5.2134434e-01   5.4058688e-02   4.6735500e-01  -1.3023333e+00   1.5145623e+00
   5.4431394e-02   2.0868623e-01   4.7534273e-01   2.2735551e+00  -1.7303512e+00   1.4854875e+00
  -3.2069651e-01   2.0689667e-01  -2.2042625e-01   3.5025185e-01  -2.0830755e-01   6.6844800e-01
  -7.1470934e-02  -3.9074196e-01   5.3435104e-01   1.8508231e-01   1.1057540e+00   1.8881956e+00
  -5.1328593e-01   5.5553805e-01   9.7330284e-01   1.0745724e-01  -7.3857223e-01   4.4405127e-01
   1.4863606e-01  -2.2332195e-01   4.7289459e-01   1.0595781e+00  -1.8116382e+00   1.1044495e+00
  -8.6184704e-01  -5.2772545e-01  -6.2256126e-01   1.0836324e+00  -7.5888902e-01   1.6136474e+00
  -5.5198676e-02   1.1083038e-01  -1.5357529e+00   2.3613875e-01   8.3116644e-01   1.8965063e+00
  -7.6796131e-01  -8.7938147e-01  -2.5289775e-01   7.4214111e-01  -9.1393366e-01   1.4391743e+00
   8.2203830e-01   1.7212694e-02  -2.3783577e-01   1.0811750e+00  -7.4591938e-01   4.7978062e-01
  -3.5076827e-02   3.8516529e-01   7.6680577e-01   1.6474815e+00  -1.1871853e-01   6.0636461e-01
  -2.5862036e-04  -6.3304377e-01  -6.9955330e-02   1.3525745e-01  -1.0914046e+00   5.4994427e-01
   7.0392156e-01  -1.7706436e-01  -2.5408996e-01   7.9837410e-01  -8.5295944e-02   1.7059740e+00
  -1.4921843e-01  -1.6130633e-01  -3.2615548e-01   1.1223472e+00  -1.6289270e+00   6.3767682e-01
   2.4239074e-01  -5.0925917e-01  -7.8959237e-01   4.2305111e-01  -1.3055875e+00  -3.9373192e-01
  -9.4657557e-01   1.0403589e+00  -7.1833043e-01  -1.7602556e+00   3.6511109e-02   1.2834352e-02
   1.1945148e+00   2.8660695e-01   9.9395048e-01   4.6317878e-01  -8.2812373e-01   1.8729589e+00
   1.4791284e+00   1.3497777e+00  -1.3534445e+00   2.4249298e+00   8.8564150e-01   7.7006279e-01
  -8.9922677e-01   6.1955175e-01  -2.1832618e-01   6.6186754e-01  -2.1585251e-01   1.4505468e+00
   2.1397531e-01  -1.7000943e+00   4.6662151e-01   6.9737731e-01   2.2419846e-01  -7.8363901e-01
  -1.1413637e+00  -2.9796534e-01   6.3693717e-01   1.2070455e+00  -1.9533099e+00   1.4015873e-01
  -3.8921837e-01  -4.5888192e-01   2.5391104e-01   9.8098423e-01  -1.5250248e+00   1.4921012e+00
  -1.6204933e-01  -2.4454384e-01  -1.6295990e+00   2.9494704e-01  -8.2565166e-01   2.2323726e+00
  -1.6371788e+00  -1.1300862e+00  -2.5167734e-01   6.5559569e-01  -1.4806373e-01   2.1308374e+00
  -1.7140670e+00   4.2443146e+00  -5.9712102e-01  -1.5981386e-01   2.4570697e+00   1.4220421e+00
  -1.9052419e+00   4.5245725e-01   3.4992501e-01  -7.3795905e-01   9.6414331e-01   1.0816536e+00
  -5.7999640e-01  -2.0523213e-01  -2.8115256e-01   2.3231408e+00  -4.5619854e-01   2.3999880e+00
  -4.9698668e-01   1.8215012e-01   9.4433315e-01   1.4163624e+00   6.1427838e-01   1.8142293e+00
  -1.2318830e+00   1.8529869e+00  -7.0628206e-01   6.6594276e-01  -1.4109490e-01   1.2747027e+00
  -2.7017487e-01  -7.6102962e-01  -7.5627121e-01   1.2637699e+00  -1.5377305e+00   1.2357024e+00
   3.7331638e-01   9.8566462e-01  -8.8565038e-01   1.3150673e+00   5.0333199e-01   2.7077674e-01
  -7.7771672e-01  -1.9689787e+00   3.0886624e-01   1.7702850e+00   1.3596459e+00   1.5198622e+00
   1.8230217e+00   6.0723072e-02  -6.9507005e-01  -2.0181776e-01  -5.9497842e-01   6.6432923e-01
   1.8802288e+00   1.0601444e+00  -6.5973884e-01   2.3304533e+00  -4.3678213e-01   2.7872716e+00
   1.5929172e+00   4.7169877e-02   3.7832339e-01   1.6703368e+00  -7.8740642e-02   8.6606059e-01
  -8.1081696e-01   1.3035645e+00   1.0935077e+00   4.1952559e-01  -1.5996579e+00   1.6847488e+00
  -1.8815546e+00   1.6105784e+00  -4.7336844e-01  -1.1479606e+00  -3.1478001e-01   2.1325017e+00
   3.7426424e-01  -2.0899826e+00  -6.0183805e-01   5.3961261e-02  -3.7662708e-01   8.5577464e-01
   5.9441396e-01  -2.0398305e+00  -6.2394556e-01  -4.0719451e-01  -8.8065940e-01   1.0022556e+00
  -7.1411127e-01  -1.9412539e+00   1.8150898e-01  -8.8652010e-01   8.3303118e-01   3.2910077e-01
  -1.2577944e+00  -6.3161999e-01   1.6577999e+00   1.6814185e+00  -1.7046405e+00   3.1945800e+00
  -8.2990777e-01  -6.6709000e-01   7.7322044e-01  -6.3588403e-01  -3.0180598e-01  -1.2727807e-01
   1.3875840e-01   1.2049861e+00  -5.0264713e-01   1.3180050e+00  -9.5491228e-01   2.6841700e+00
  -6.3711267e-03  -3.1335972e-01   3.7972296e-01   1.3047904e+00   4.8448804e-01   2.0308947e+00
  -3.6092344e-01  -7.6204991e-01   5.7544917e-01   1.7484033e+00  -9.7396902e-01   8.8046917e-01
  -1.3704321e+00  -3.2214722e-01  -2.5677497e-01   2.7181893e-01  -7.3359124e-01   1.4317108e+00
   1.7679734e+00   3.5053386e-01   5.4210818e-01   2.4535086e+00   8.2063825e-01   1.5592349e+00
  -2.7915362e-01  -9.8802039e-02  -3.6042703e-01   1.9736794e+00  -5.0836208e-01   2.5667314e+00
  -4.4471242e-01   6.7128773e-01  -1.1076995e+00   3.2745578e-02   9.5812387e-01   4.9865353e-01
  -1.8551499e+00  -1.1533449e+00  -6.3991526e-01   2.3266102e+00  -6.3466969e-01  -7.7414506e-01
   6.8990326e-01  -5.0527971e-01  -1.3668244e+00   9.1352893e-02   1.9971106e-01   2.4761238e+00
   3.3323578e-01  -7.8094376e-01   2.9103511e-01   2.0898578e+00   8.8291761e-01   5.3007985e-01
   1.9188795e+00  -9.5514864e-01  -7.8237246e-01   2.0206311e-01  -4.9300274e-01   6.9380480e-01
  -1.0927403e+00   1.7490608e+00  -7.5238859e-01   2.0031561e+00  -7.2759960e-01   1.9690649e+00
   7.8085471e-01  -3.2562766e-01  -3.3669559e-01   1.0199937e+00  -2.8598161e-01  -9.3903135e-01
   2.4747591e-01  -1.0145028e+00  -1.7337954e-01  -1.4317038e-01  -1.2903316e-01   2.7367694e-01
   9.6474648e-02   2.2767416e-01   9.5606835e-01   1.1266562e+00  -3.9097136e-01   2.0162143e+00
   1.2646476e+00  -2.2168203e-01   9.4770429e-01  -3.1647374e-01  -1.4840499e-01   2.1099105e+00
   7.1196589e-01  -1.3497746e-01   2.3262557e-01   1.8549883e+00  -8.7548778e-01   2.5818184e+00
   1.1380632e+00  -4.9189349e-01   1.5258747e+00   1.4710362e+00  -1.0112398e+00  -5.7576391e-02
   1.5935846e+00   4.8371875e-01  -2.8829070e-01   2.1839192e-01   1.2514939e+00  -5.7744137e-01
  -9.3331606e-01   2.7780121e-01   5.2386105e-01   7.1588808e-01   7.5017565e-01  -5.4358135e-01
  -5.6847760e-02   3.7132537e-01   5.7152355e-01   1.0165551e+00   3.2262213e-01   2.7094292e+00
   3.4364936e-01   4.8848010e-01  -7.4149012e-01   2.2768329e+00   3.1510423e-01   9.3175079e-01
   6.8411636e-02  -9.8214365e-01  -8.1213710e-01   2.0967980e+00   2.2974588e-01   1.1529708e-01
   7.7390713e-01  -4.3061115e-03   1.7364549e-02   3.6807132e-01   9.7565790e-01   1.0303607e+00
  -1.3060492e+00   8.9843860e-01   2.0711996e+00   1.1411989e+00   3.8017081e-02   2.2371246e+00
  -2.5655408e-01   2.2414733e+00   2.1265961e+00   7.2911115e-01  -2.3173067e-01   2.0028427e+00
   1.2084509e+00   4.5821101e-01   1.0181931e+00   2.2799803e+00  -9.1693588e-01   6.9005974e-01
  -1.2177416e-01   1.5326597e+00   5.9604612e-01   2.1930001e-01   2.8488639e-01  -5.8573467e-01
   1.8622841e+00  -6.0036417e-02  -2.0178543e-01   2.3280526e-03  -4.4173988e-01   2.8756998e+00
  -5.7393013e-01  -9.5659844e-01  -2.8819296e-01   2.8370781e+00   1.5007515e+00  -3.1603172e-01
  -1.0942965e+00  -2.5416580e-01  -1.1845869e+00   6.4517738e-01   4.4801593e-01  -9.9641793e-01
  -1.8015937e+00  -1.2637474e+00   3.5582315e-01   2.4915645e+00  -1.4029882e+00   1.8310746e+00
   5.7663578e-02  -1.8981691e+00  -6.4992272e-01  -1.0679190e+00   1.2307952e+00   1.9789741e+00
   4.2842153e-01   3.9288111e-01  -2.8035632e-01   8.6885076e-01  -1.3224712e+00  -8.1208335e-02
  -7.1942438e-01  -8.5879803e-02  -5.1634283e-02   1.4742315e+00  -8.7978047e-01   1.8012085e+00
  -5.6014286e-01   2.0045474e-01  -9.2959054e-01   8.9886378e-01   1.3677062e+00   1.9287741e+00
