  -6.7160993e-01   3.0512505e-01   6.1511692e-02   1.4072040e+00   9.4345436e-02   1.5746881e+00
  -5.6737782e-01  -5.0835748e-01   8.6812883e-01   4.6936174e-02  -2.7896351e-01   1.6730038e+00
  -3.2876557e-01   4.5029821e-01  -1.1583024e-02  -3.0693296e-01  -8.5492292e-01   1.4347009e+00
   5.1770333e-01   4.8051130e-01   1.0670807e+00   1.4092474e+00   5.1470302e-01   1.1235908e+00
   3.1846399e-01   6.0741449e-01   3.4738704e-01   1.4127632e+00   1.2725226e+00  -2.7498029e-01
  -1.0617855e-01   1.5264352e-01   3.4022323e-01   9.8124121e-02   6.8975342e-01  -5.5769992e-02
   3.7969799e-02  -2.9073772e-01  -7.7132514e-01  -3.5113222e-01   1.5341834e+00   6.6615087e-01
   8.4513845e-01  -1.3941348e-01  -4.1924924e-02   5.2452583e-01  -7.1400600e-01   2.1783390e+00
   1.3476762e-01  -9.5446462e-02  -1.2870037e+00   2.8342012e+00  -3.7510405e-02   1.2128896e+00
  -1.1622981e-01  -1.3033806e-01   1.5897632e-01   1.3780203e+00   6.5498890e-01   9.6125716e-01
  -6.5101373e-01  -2.9718622e-01  -6.5193230e-01   1.8167129e+00  -6.7868762e-01   9.1524299e-01
  -4.0773831e-01  -3.1697103e-01  -1.7652626e-01   8.1729185e-01  -1.0657313e+00   1.5668158e+00
   4.7587607e-02   4.7786412e-02   4.2244012e-01   8.3508163e-01  -1.0746334e+00  -1.4196362e+00
   2.4512286e-01   3.4424946e-01  -3.5839323e-01   1.8200716e+00  -4.2511763e-01   9.2830916e-01
  -5.1093526e-01   1.2288738e-02  -7.4767781e-01   6.2713069e-01   1.2504053e-01   1.5495569e+00
   1.6082527e-01   3.2041148e-01  -3.5977155e-01   8.6325467e-01   7.8200515e-01   1.5774964e+00
   6.2091906e-01  -2.8922298e-01  -5.3920372e-01   2.1176267e-01   8.2883274e-01   1.4870783e+00
  -3.7681991e-01   9.3745588e-01   1.0347697e+00   1.8065268e+00   1.3149818e-01   1.0064129e+00
   6.3002562e-01  -2.8399561e-01  -1.1513510e+00   1.0899062e+00   2.2114844e-01   6.4134516e-01
   1.6920184e-01   4.9474388e-01  -6.5100534e-01   1.8793139e+00   5.6311518e-01   2.1813242e+00
  -3.1208750e-01  -2.2083928e-01  -9.8991370e-01  -1.0253692e-01  -3.4963342e-01  -3.3302687e-01
  -1.2501820e-01   5.3041530e-01  -3.1906909e-02   4.2598138e-01   2.3810621e-02   1.4103253e+00
  -5.6116900e-01   3.3715954e-01   7.4482716e-01   1.4790430e+00  -4.1021218e-01   1.2602478e+00
  -7.5511965e-01   5.3762408e-02   3.4829736e-01   9.2052898e-01   1.2912272e-01   1.8621053e+00
   7.8167866e-01  -4.8805035e-03   1.0861429e+00   1.4442901e+00  -2.6053906e+00   8.0950445e-01
  -2.3874525e-01  -1.2325641e-01  -6.3483089e-01   1.1931150e-01   9.4771474e-01   1.3935170e+00
   6.8938463e-01   5.3824716e-01  -5.8953616e-01   1.2666797e+00   6.1597054e-01   1.9711134e+00
  -7.5071706e-01   2.9638091e-01   7.3288171e-01   8.0142138e-01   1.2419048e+00   9.3684378e-01
   1.4235160e-01   6.2015964e-02   1.1345749e+00   9.3641011e-01   1.7082498e-01   4.1531482e-01
   2.5932263e-01  -1.6187402e-01   1.6742385e-01   4.6858344e-02   5.0445302e-01   1.5637268e-01
  -9.7599814e-02  -1.7423054e-03  -4.6460948e-01   3.3379007e-01  -3.4721421e-01   1.0354096e+00
   9.1798069e-01  -7.8214588e-03   1.2217708e+00   1.7698767e+00   2.0058387e+00   9.9245498e-01
   3.5777787e-02   7.9415997e-02   1.6399862e+00   9.0178748e-01  -9.1696152e-01   1.4349185e+00
   4.1192747e-01   9.0663895e-02   3.7558436e-02   1.4261115e+00   3.4578711e-01   1.4760249e+00
   3.8594063e-01  -2.2863074e-01  -4.2028009e-01   5.9675617e-01  -1.5099782e+00   1.2859267e+00
   9.6845992e-01   6.0409553e-01   4.2652692e-01   2.3986547e-01  -1.8345678e-01   1.7583557e+00
  -9.6197584e-02   9.6350575e-03   6.1517027e-01   1.0080463e+00  -8.8962103e-02   1.6869878e+00
   7.4644619e-01  -4.5741266e-01  -1.0335372e+00   9.5526046e-01  -3.2756083e-01   7.8222592e-01
  -4.3706440e-01  -7.3372638e-02   2.9103359e-01   6.4191808e-01  -1.0068444e+00  -3.1593554e-01
   3.8485870e-01  -5.3934329e-01  -7.4605574e-01   8.3833192e-01  -9.6972806e-01   1.9166357e-01
   2.3417031e-01   4.0057546e-01  -7.3395820e-01   1.0406326e+00  -9.1827279e-01   8.3901510e-01
  -1.1154957e-01  -2.3448881e-01  -1.9040253e-01   1.9163149e-01  -1.5773090e+00  -8.3075693e-02
   6.0514166e-02  -4.9593744e-02  -3.0042439e-01   4.1893202e-01  -7.8820136e-01  -8.3402460e-02
  -4.4509932e-01  -5.5078674e-01  -1.2404636e-01   1.1509456e+00  -1.0807971e+00   2.8607521e-01
  -1.7399994e-01   8.3955223e-02   7.1753260e-01   7.2298679e-01   1.3494442e+00   1.0331313e+00
  -7.3055004e-01   5.2314742e-01  -4.2870361e-01  -2.1096895e-01   1.0901516e-01   6.0531111e-01
  -4.6782137e-02  -2.8593364e-01  -2.9405421e-02   9.4004252e-01   1.0411783e+00   4.7231042e-01
   8.3564468e-01   1.0206332e+00  -4.2597092e-01   7.1506034e-01  -1.5976064e+00   1.3706184e+00
   9.8518608e-01  -6.6248713e-03  -2.5521532e-01   2.0312103e+00  -9.8288579e-01   1.0529000e+00
  -8.2183290e-02   4.7220921e-01   5.5695956e-01   4.1885164e-01   1.1797570e+00   1.8390868e-01
  -1.0306080e+00  -3.8257426e-02  -1.2582854e+00   9.8072881e-01   1.4396838e+00   9.6129225e-01
  -8.4939228e-02   1.1453096e+00  -6.5983912e-01   9.4787359e-01   5.8093576e-01   1.9598568e+00
   2.5819974e-01   8.1070834e-01   6.7548351e-02   8.9389565e-01   1.0775908e+00  -4.8338626e-01
  -1.3129753e-02   1.9604097e-01   5.4018697e-01   5.4245381e-01   9.9988285e-01  -1.1521039e-01
  -4.0669654e-01   2.8623577e-01   7.0618746e-01   3.7759262e-01   9.1246284e-01   8.0518155e-01
   4.3249877e-01   1.4380009e-01   3.5955708e-01   4.0513300e-01   9.9261954e-01   1.0123986e+00
   4.4593427e-01  -1.8525805e-01   6.5048413e-01   1.0079529e+00   8.4172962e-01  -2.5101951e-01
   7.0092271e-01  -8.1510547e-03   8.3677650e-02   9.3438240e-01   4.5827821e-01  -2.6586435e-02
   3.8548301e-01  -4.6889210e-01   7.6404465e-01   1.0077038e+00  -1.0701722e+00   3.3352739e-01
  -4.9198292e-01   3.0878409e-01   9.1934165e-01   1.3004298e+00  -4.1071052e-01   1.1283586e+00
  -5.2482940e-02   3.8071419e-02   3.1000234e-01   1.0527109e+00  -2.6379645e-02   1.5561729e+00
  -1.1070489e-01   5.3671076e-02   3.3360343e-01   1.0475737e-01   9.8509026e-01   1.1439181e+00
  -1.0282436e+00   1.5700632e-01   2.2542130e-01   9.9039424e-01   1.0468302e+00   8.7868015e-01
   1.0754578e-01  -5.4802056e-02   3.9702615e-01   2.6709275e-01  -7.3974617e-02   6.7752551e-03
   4.5746456e-01   4.7814295e-01   5.8726414e-01   3.5073183e-01  -1.0470088e+00   9.8955017e-01
  -3.7026816e-01  -8.2282748e-01   1.8732227e+00   1.6156729e-01   1.6563652e-02   1.5036888e+00
   1.7897426e-01  -5.2788077e-01  -9.1713515e-02   8.5109500e-01  -6.8715336e-01   9.7934659e-01
  -3.0954390e-01  -1.0272539e+00   4.5814251e-01   1.1678307e+00  -1.0083941e+00   1.1729663e+00
   5.0277275e-01  -3.7108247e-02  -7.0111680e-01   1.4901586e+00  -1.4203596e+00  -1.7563521e-01
   6.2107758e-02   4.4173623e-01  -2.4945721e-01   8.8996584e-01  -3.8678425e-01  -3.1914431e-01
   1.8715803e-01   2.1409047e-01   2.1342474e-01   4.4763957e-01  -9.8987442e-02  -8.3433672e-02
   3.5182409e-01  -9.2851929e-02   8.6363157e-01   1.6068189e+00  -1.1737700e+00   1.0216130e+00
   2.0805689e-01  -5.2134492e-01   5.6309189e-02   4.6737365e-01  -1.3036380e+00   1.5148428e+00
   5.4399336e-02   2.0868622e-01   4.7547013e-01   2.2735519e+00  -1.7309637e+00   1.4855843e+00
  -3.1156306e-01   2.0803113e-01  -3.6047036e-01   3.4747069e-01  -3.0219125e-01   8.5375118e-01
  -7.1488810e-02  -3.9074209e-01   5.3397839e-01   1.8508008e-01   1.1043377e+00   1.8881704e+00
  -5.1287729e-01   5.5553319e-01   9.7032947e-01   1.0738424e-01  -7.3034638e-01   4.4107354e-01
   1.4863286e-01  -2.2332187e-01   4.7260896e-01   1.0595880e+00  -1.8100831e+00   1.1045119e+00
  -8.4602888e-01  -5.2779836e-01  -7.1730102e-01   1.0845639e+00  -6.8856682e-01   1.6258094e+00
  -5.5227028e-02   1.1083042e-01  -1.5356682e+00   2.3613880e-01   8.3212797e-01   1.8965253e+00
  -7.6848486e-01  -8.7938456e-01  -2.5441729e-01   7.4252998e-01  -8.8170979e-01   1.4361303e+00
   8.2653089e-01   1.7215262e-02  -2.2461277e-01   1.0814304e+00  -7.7310189e-01   4.6490869e-01
  -3.7491542e-02   3.8502155e-01   7.3015365e-01   1.6476779e+00  -2.6204575e-01   5.8800455e-01
   7.1572919e-03  -6.3304538e-01  -6.8158367e-02   1.3358760e-01  -1.1215813e+00   5.4813160e-01
   6.6955726e-01  -1.7565557e-01  -2.0135192e-01   8.0522270e-01   2.9845098e-01   1.7699426e+00
  -1.4925041e-01  -1.6130622e-01  -3.2625210e-01   1.1223468e+00  -1.6241978e+00   6.3785949e-01
   2.4240706e-01  -5.0925912e-01  -7.8951920e-01   4.2305249e-01  -1.3071471e+00  -3.9377710e-01
  -9.4703859e-01   1.0403762e+00  -7.1788853e-01  -1.7603671e+00   4.0333826e-02   7.9953612e-03
   1.1944649e+00   2.8660698e-01   9.9407647e-01   4.6317946e-01  -8.2814530e-01   1.8729923e+00
   1.4791183e+00   1.3497778e+00  -1.3535580e+00   2.4249310e+00   8.8578276e-01   7.7007865e-01
  -9.1520963e-01   6.1771489e-01  -1.4500444e-01   6.6374345e-01  -1.8091156e-01   1.3738246e+00
   2.1394146e-01  -1.7000936e+00   4.6638316e-01   6.9737333e-01   2.2468914e-01  -7.8371638e-01
  -1.1413636e+00  -2.9796536e-01   6.3692616e-01   1.2070455e+00  -1.9532922e+00   1.4016761e-01
  -3.8923060e-01  -4.5888186e-01   2.5398301e-01   9.8098961e-01  -1.5258260e+00   1.4919839e+00
  -1.6204919e-01  -2.4454383e-01  -1.6296074e+00   2.9494705e-01  -8.2568611e-01   2.2323788e+00
  -1.6379402e+00  -1.1300506e+00  -2.5929812e-01   6.5552834e-01  -1.6684464e-01   2.1226774e+00
  -1.7140670e+00   4.2443146e+00  -5.9712183e-01  -1.5981389e-01   2.4570719e+00   1.4220426e+00
  -1.9014298e+00   4.5245796e-01   3.4831340e-01  -7.3736077e-01   8.9383829e-01   1.0776244e+00
  -5.7970388e-01  -2.0523546e-01  -2.8067214e-01   2.3232003e+00  -4.4956941e-01   2.4001602e+00
  -4.9691453e-01   1.8214954e-01   9.4478743e-01   1.4163635e+00   6.1570338e-01   1.8149081e+00
  -1.2004823e+00   1.8534981e+00  -6.6997681e-01   6.6409696e-01   1.5436868e-01   1.3535924e+00
  -2.7004347e-01  -7.6102934e-01  -7.5579681e-01   1.2637621e+00  -1.5357942e+00   1.2356510e+00
   3.7365780e-01   9.8566492e-01  -8.8921258e-01   1.3150861e+00   5.0506108e-01   2.7003593e-01
  -7.7751803e-01  -1.9689764e+00   3.0991759e-01   1.7702216e+00   1.3538497e+00   1.5175731e+00
   1.8245615e+00   6.0726501e-02  -7.0622896e-01  -2.0194894e-01  -6.0895256e-01   6.6352005e-01
   1.8802156e+00   1.0601443e+00  -6.5971936e-01   2.3304541e+00  -4.3686851e-01   2.7872388e+00
   1.5607671e+00   4.5791210e-02   2.3857486e-01   1.6695790e+00  -5.5913054e-02   9.0654160e-01
  -8.1081953e-01   1.3035645e+00   1.0935300e+00   4.1952536e-01  -1.5996622e+00   1.6847463e+00
  -1.8810915e+00   1.6105770e+00  -4.7245556e-01  -1.1479289e+00  -3.1342825e-01   2.1321076e+00
   3.8702201e-01  -2.0896358e+00  -6.2270615e-01   5.2533502e-02   5.1955370e-02   8.5107415e-01
   5.9680293e-01  -2.0398627e+00  -6.5987436e-01  -4.0735146e-01  -6.0916333e-01   1.0370215e+00
  -7.1597292e-01  -1.9412227e+00   1.8083291e-01  -8.8569400e-01   7.8766748e-01   3.4968263e-01
  -1.2577944e+00  -6.3161999e-01   1.6577998e+00   1.6814185e+00  -1.7046405e+00   3.1945800e+00
  -8.2814221e-01  -6.6708362e-01   7.7641952e-01  -6.3556359e-01  -2.8709875e-01  -1.2167886e-01
   1.3877391e-01   1.2049860e+00  -5.0264295e-01   1.3180020e+00  -9.5504283e-01   2.6841124e+00
  -1.6137746e-02  -3.1323612e-01   2.4837877e-01   1.3064142e+00   3.5683639e-01   1.9254880e+00
  -3.6492199e-01  -7.6205799e-01   5.6128691e-01   1.7488809e+00  -9.3804322e-01   8.9296527e-01
  -1.3732698e+00  -3.2213693e-01  -1.9132248e-01   2.7230687e-01  -6.4756993e-01   1.4506387e+00
   1.7680364e+00   3.5053382e-01   5.4230604e-01   2.4535154e+00   8.2108996e-01   1.5594139e+00
  -2.7949548e-01  -9.8800782e-02  -3.6043374e-01   1.9736430e+00  -5.0860976e-01   2.5667575e+00
  -4.4468757e-01   6.7128769e-01  -1.1074398e+00   3.2746689e-02   9.5747723e-01   4.9893750e-01
  -1.8551472e+00  -1.1533451e+00  -6.4010148e-01   2.3266232e+00  -6.3501708e-01  -7.7479951e-01
   6.8986969e-01  -5.0527972e-01  -1.3668581e+00   9.1352242e-02   1.9985349e-01   2.4761166e+00
   3.2296181e-01  -7.8087360e-01   2.7897473e-01   2.0894536e+00   8.4534049e-01   5.5902693e-01
   1.9140337e+00  -9.5513537e-01  -7.6983673e-01   2.0152812e-01  -2.6473089e-01   6.9715407e-01
  -1.1008004e+00   1.7490952e+00  -7.3536738e-01   2.0031523e+00  -7.3565257e-01   1.9763268e+00
   7.8088614e-01  -3.2562753e-01  -3.3677914e-01   1.0199949e+00  -2.8572568e-01  -9.3925971e-01
   2.4838533e-01  -1.0144705e+00  -1.7231509e-01  -1.4374333e-01   5.9811580e-02   2.4019140e-01
   9.7152519e-02   2.2767399e-01   9.5610044e-01   1.1266517e+00  -3.8324573e-01   2.0161909e+00
   1.2613799e+00  -2.2167869e-01   9.3892761e-01  -3.1630806e-01  -1.5426819e-01   2.1070357e+00
   7.1214162e-01  -1.3497733e-01   2.3303518e-01   1.8549681e+00  -8.7683872e-01   2.5820895e+00
   1.1380740e+00  -4.9189348e-01   1.5259452e+00   1.4710367e+00  -1.0109730e+00  -5.7602706e-02
   1.5935873e+00   4.8371876e-01  -2.8829054e-01   2.1839118e-01   1.2515046e+00  -5.7750759e-01
  -9.3357359e-01   2.7779951e-01   5.2347037e-01   7.1584984e-01   7.5417334e-01  -5.4306055e-01
  -5.6694069e-02   3.7132333e-01   5.6739953e-01   1.0165768e+00   3.2992062e-01   2.7041408e+00
   3.3010869e-01   4.8846120e-01  -6.8976589e-01   2.2737667e+00   2.2228223e-01   9.6015986e-01
   6.9496160e-02  -9.8214092e-01  -8.1342874e-01   2.0966417e+00   2.0814803e-01   1.2218257e-01
   7.7855289e-01  -4.3009799e-03  -1.9719958e-03   3.6717837e-01   9.6221489e-01   1.0350495e+00
  -1.3060641e+00   8.9843863e-01   2.0712267e+00   1.1411998e+00   3.7967000e-02   2.2371619e+00
  -2.5655402e-01   2.2414733e+00   2.1266306e+00   7.2911117e-01  -2.3177944e-01   2.0028587e+00
   1.2082044e+00   4.5821121e-01   1.0209796e+00   2.2800249e+00  -9.2150833e-01   6.9027308e-01
  -1.2173304e-01   1.5326593e+00   5.9587395e-01   2.1930372e-01   2.8445699e-01  -5.8542180e-01
   1.8622840e+00  -6.0036425e-02  -2.0177193e-01   2.3272575e-03  -4.4173603e-01   2.8757003e+00
  -5.7393400e-01  -9.5659844e-01  -2.8818259e-01   2.8370777e+00   1.5007046e+00  -3.1601217e-01
  -1.0942771e+00  -2.5416578e-01  -1.1845968e+00   6.4517786e-01   4.4799123e-01  -9.9640340e-01
  -1.8016152e+00  -1.2637474e+00   3.5585686e-01   2.4915656e+00  -1.4029909e+00   1.8310794e+00
   5.7696347e-02  -1.8981693e+00  -6.5017679e-01  -1.0679343e+00   1.2301989e+00   1.9792808e+00
   4.2830502e-01   3.9288114e-01  -2.8068001e-01   8.6884076e-01  -1.3190231e+00  -8.0926919e-02
  -7.0615499e-01  -8.5883141e-02  -7.0359495e-02   1.4718196e+00  -7.9373756e-01   1.8001970e+00
  -5.6016736e-01   2.0045475e-01  -9.2945798e-01   8.9886784e-01   1.3678814e+00   1.9286069e+00
