  -5.3379076e-01   1.6616056e-01  -1.3945306e-01   1.4299073e+00  -3.5648624e-01   1.4533130e+00
  -1.7380779e-01  -4.7176526e-01   7.3063828e-02   2.5485390e-01   1.7667074e-01   1.2506492e+00
  -2.8054347e-01   4.4803836e-01   2.3740265e-02  -3.3304859e-01  -7.7790081e-01   1.6188083e+00
   5.1808804e-01   4.8008490e-01   1.1590114e+00   1.4101752e+00   5.4094416e-01   1.1247555e+00
   3.0891528e-01   6.0341591e-01   3.5906197e-01   1.4044397e+00   1.2501138e+00  -3.7566483e-01
  -9.1382522e-02   1.3327768e-01   2.6798438e-01   6.7685877e-02   6.0254965e-01  -1.8793001e-02
   7.4128930e-02  -2.9099445e-01  -6.3584686e-01  -3.4414391e-01   1.5083796e+00   6.3934653e-01
   1.2514404e-01  -2.8264037e-01  -1.4521797e-01   8.0333322e-01  -1.1401228e+00   9.0103983e-01
   1.1020843e-01  -9.5511633e-02  -1.3328912e+00   2.8393009e+00  -5.1497612e-02   1.2056280e+00
   1.8530651e-02  -4.7067712e-02  -4.1864119e-01   1.4088254e+00   4.6371901e-01   1.5070841e+00
  -6.5187338e-01  -2.9670481e-01  -7.3101755e-01   1.8587635e+00  -7.5505012e-01   9.7875268e-01
  -2.6520764e-01  -3.2436449e-01  -9.1096259e-02   8.4087807e-01  -1.2815409e+00   1.6020046e+00
   4.5180723e-02   4.7765330e-02   4.1636710e-01   8.3483457e-01  -1.0705558e+00  -1.4048425e+00
   4.0804456e-01   3.4837770e-01  -7.5843534e-01   1.8904369e+00  -6.1678558e-02   1.1974065e+00
  -5.4014657e-01   1.1639648e-03  -5.3754985e-01   5.8920244e-01   6.0501472e-01   1.6597531e+00
   1.1250699e-01   3.2003478e-01  -1.2075207e-01   8.3814921e-01   1.0093305e+00   1.7383097e+00
   4.4524655e-01  -2.8423773e-01  -4.1571042e-01   1.8072607e-01   7.1854107e-01   1.5299408e+00
  -3.6537882e-01   9.3664852e-01   9.7290242e-01   1.8143332e+00   1.4474272e-01   1.0182166e+00
   6.4393200e-01  -2.7721875e-01  -9.5053815e-01   1.1228549e+00   8.1371269e-02   9.2802478e-01
   1.3488591e-01   5.0600856e-01  -4.8883824e-02   1.8158816e+00   4.1247631e-01   1.8992311e+00
  -3.1733916e-01  -2.2094734e-01  -1.0313898e+00  -1.0124996e-01  -3.5156952e-01  -3.6337024e-01
  -5.7595685e-01   5.1219396e-01  -2.0083866e-01   1.5991781e-01  -2.3210538e-01   1.0858470e+00
  -5.5711738e-01   3.3600649e-01   1.0319521e+00   1.4612477e+00  -5.9067243e-01   1.2562630e+00
  -6.9650537e-01   5.2386030e-02   2.2123784e-01   9.5696498e-01   1.3761566e-01   1.6963550e+00
   7.8189458e-01  -4.8171171e-03   1.0709610e+00   1.4439521e+00  -2.6043825e+00   8.1126055e-01
  -1.6248606e-01  -1.1701600e-01  -8.3004742e-01   1.5330847e-01   4.5581503e-01   1.4385492e+00
   6.4052428e-01   5.5848230e-01  -2.6846585e-01   1.2760173e+00   5.2881023e-01   1.9398335e+00
  -6.6598052e-01   3.5917386e-01   5.9108597e-01   8.3283491e-01   1.0781992e+00   9.5895105e-01
   1.1972000e-01   6.3416076e-02   1.0024429e+00   9.3466354e-01   2.3648374e-01   4.6039996e-01
   2.7571377e-01  -1.8822012e-01   3.4959395e-01   3.7851868e-02   2.7374205e-01   2.6774176e-01
   2.2651642e-01  -2.2362209e-03  -7.1621146e-01   4.3999268e-01  -6.7071606e-01   1.0953224e+00
   9.1817827e-01  -7.8023219e-03   1.2137173e+00   1.7696257e+00   2.0044083e+00   9.9196190e-01
  -5.5248456e-02   4.1536570e-02   5.8125596e-01   1.0332361e+00  -4.8862335e-01   9.7310769e-01
  -7.7914979e-02   5.4632544e-01   3.4401690e-02   1.2915256e+00   6.2148242e-02   1.1401244e+00
   1.6638700e-01  -2.0597855e-01  -2.5933809e-01   5.3598996e-01  -9.0912913e-01   1.0910970e+00
   8.1500752e-01   6.0511538e-01   3.5226857e-01   1.8874855e-01  -1.5641215e-01   1.7006967e+00
  -2.9383845e-02   3.9254497e-03   3.9577644e-01   8.2154449e-01  -2.7332043e-01   1.7647463e+00
   5.2703487e-01  -4.7162135e-01  -6.9513721e-01   9.4250082e-01  -2.5311931e-01   7.3655793e-01
  -4.5624286e-01  -7.3728799e-02   2.5833892e-01   6.4825540e-01  -1.0184502e+00  -2.3657791e-01
   3.9849658e-01  -5.3830564e-01  -6.6973384e-01   8.3869820e-01  -9.9481446e-01   2.1602598e-01
   1.8350824e-01   3.9858212e-01  -7.9132787e-01   1.0155603e+00  -9.4363855e-01   7.7906678e-01
  -9.5308315e-02  -2.3430027e-01  -1.6896863e-01   1.8461056e-01  -1.5769130e+00  -8.0649390e-02
   7.9617737e-02  -5.1148005e-02  -3.0838460e-01   4.0955448e-01  -7.7373294e-01  -3.0491963e-02
  -4.3937235e-01  -5.4288035e-01  -3.7925482e-01   1.1803130e+00  -9.5887788e-01   1.4595028e-01
  -8.7892925e-02   9.0901916e-02   6.3176664e-01   7.2503476e-01   1.3707025e+00   1.0623929e+00
  -2.0750840e-01   5.2956490e-01  -5.3054460e-01  -4.0727108e-01  -7.1145668e-02   2.6465656e-01
   4.9188289e-01  -2.8376823e-01   2.7367565e-01   9.4703467e-01   3.5504629e-01   2.5701255e-01
   6.3901546e-01   1.0037317e+00   4.6118503e-01   7.2172793e-01  -3.8220829e-01   1.6047369e+00
   5.3311064e-01  -2.8097091e-01   2.5500411e-02   1.9278068e+00   5.9312482e-02   9.2342796e-01
  -4.4657516e-02   4.6881528e-01   5.1122520e-01   4.1463789e-01   1.2550590e+00   1.7218761e-01
  -1.0745234e+00  -3.8425776e-02  -9.7257629e-01   9.8351048e-01   1.3591656e+00   9.2323017e-01
  -1.5549606e-01   1.1448413e+00  -5.7839810e-01   9.4043464e-01   4.3413377e-01   1.8319271e+00
   2.0940693e-01   8.1675967e-01   2.4614518e-02   9.0037274e-01   1.1168167e+00  -3.0894937e-01
   2.5934541e-02   2.1572050e-01   5.4056932e-01   5.6572477e-01   9.9443890e-01  -2.5561847e-02
  -6.7604349e-01   2.8191528e-01   4.6688462e-01   3.8296136e-01   9.5508841e-01   8.7953971e-01
   4.6675638e-01   1.4830153e-01   7.0695936e-01   4.1373049e-01   8.6492269e-01   1.0009678e+00
   4.3673973e-01  -1.8621623e-01   6.4724192e-01   1.0073807e+00   8.4845442e-01  -2.5166086e-01
   7.4100555e-01  -2.6291718e-02  -1.3326694e-01   9.6135040e-01   4.0913288e-01   2.2169809e-01
   3.7228899e-01  -4.5427973e-01   6.2878824e-01   9.8694895e-01  -5.5644184e-01   1.0013346e+00
  -6.1247265e-01   3.1327645e-01   6.6147870e-01   1.3297428e+00  -2.4624856e-01   1.1308554e+00
  -1.7630687e-01   2.9059307e-01  -1.0175743e-01   9.1714933e-01   7.2251034e-02   1.1433282e+00
  -2.5755036e-01  -3.1971867e-02   3.7663731e-01   9.1549277e-02   4.9055365e-01   1.2868080e+00
  -5.4052190e-01   1.0191507e-01   2.4205454e-01   9.6117824e-01   1.2973956e+00   7.7891361e-01
   9.6228285e-02  -6.1040846e-02   6.0890569e-01   2.8130655e-01  -3.2399565e-01   2.4516953e-01
   1.6490846e-01   4.7412069e-01   5.5059837e-01   3.2871584e-01  -1.2206397e+00   9.7046440e-01
  -3.7055006e-01  -8.2285935e-01   1.8924192e+00   1.5985853e-01  -2.0830179e-03   1.5084942e+00
   2.8769621e-01  -5.6502378e-01  -3.0465059e-01   8.0514017e-01  -8.8255731e-01   8.0461447e-01
  -3.1595936e-01  -1.0289514e+00   5.9784915e-01   1.1729470e+00  -1.0649077e+00   1.2263035e+00
   5.0785935e-01  -3.7060025e-02  -6.8585571e-01   1.4882145e+00  -1.3992253e+00  -1.8455273e-01
   4.2510772e-02   4.4343375e-01  -1.9486544e-01   8.8999243e-01  -4.8274618e-01  -3.3086713e-01
   1.3624989e-01   2.1961173e-01   2.9414946e-01   4.6867509e-01  -1.7258671e-01  -9.6103356e-02
   3.4473872e-01  -9.1898576e-02   9.2428486e-01   1.6288413e+00  -1.2733790e+00   1.0265500e+00
   3.5460403e-02  -5.1453105e-01  -1.1939450e-01   4.5621587e-01  -9.9138433e-01   1.5119743e+00
   8.8980182e-02   2.1493489e-01   1.1664238e-01   2.2502015e+00  -1.6156430e+00   1.1984282e+00
   1.2618749e-02   3.0129419e-01  -3.4875459e-01   1.5813849e-01  -6.7539416e-02   9.3833778e-01
  -5.7468576e-02  -3.8752668e-01   5.0421501e-01   1.8403309e-01   1.0802336e+00   1.8675417e+00
  -5.4018710e-01   5.6417492e-01   4.3888935e-01   1.7089770e-01  -7.4511297e-01   7.4064154e-01
   1.9563863e-01  -2.2509021e-01   3.9778185e-01   1.0295514e+00  -1.7504548e+00   9.9561045e-01
  -9.2019490e-01  -5.4077348e-01  -5.6951204e-01   1.1443603e+00  -1.3375745e-01   1.6282317e+00
  -5.5473796e-02   1.1083473e-01  -1.5302983e+00   2.3608103e-01   8.2771845e-01   1.8969182e+00
  -7.2792702e-01  -8.8023500e-01  -2.8049739e-01   7.0792044e-01  -1.0522117e+00   1.4158344e+00
   5.9370003e-01   4.8333215e-02  -3.0579661e-01   1.0349620e+00  -5.4772329e-01   4.4758374e-01
  -9.5039964e-02   3.9970677e-01   6.3883105e-01   1.6309080e+00  -1.9015229e-01   6.5072790e-01
  -8.6581564e-02  -6.3838090e-01  -1.7689162e-01   3.6298170e-01  -8.7702388e-01   7.4114604e-01
   7.6397911e-01  -2.9422460e-01  -3.3850410e-01   7.9544000e-01   4.3819924e-01   1.5461918e+00
  -2.6938333e-01  -1.5985557e-01  -3.8722179e-01   1.1408912e+00  -1.6872964e+00   5.3924227e-01
   2.3752070e-01  -5.0926160e-01  -7.9322613e-01   4.2426716e-01  -1.3054762e+00  -3.8033143e-01
  -9.4670729e-01   1.0376874e+00  -5.6750515e-01  -1.7240453e+00   5.3368043e-02   8.6248395e-02
   1.1884062e+00   2.8667443e-01   9.9429647e-01   4.6235102e-01  -7.9781731e-01   1.8552085e+00
   1.4795868e+00   1.3498054e+00  -1.3427916e+00   2.4245466e+00   8.8632857e-01   7.7076575e-01
  -1.2605796e+00   6.0391290e-01  -4.7226552e-01   6.7416360e-01  -7.5478080e-01   1.2593306e+00
   2.1417160e-01  -1.7001310e+00   4.6445165e-01   6.9792708e-01   2.4560703e-01  -7.8876130e-01
  -1.1209840e+00  -2.9795133e-01   6.4951768e-01   1.2063929e+00  -1.9527117e+00   1.5353833e-01
  -4.4392961e-01  -4.5958797e-01   2.3773774e-01   9.7659978e-01  -1.4670960e+00   1.3722546e+00
  -1.6219669e-01  -2.4454369e-01  -1.6307067e+00   2.9496131e-01  -8.2720345e-01   2.2334651e+00
  -1.7076170e+00  -1.1310302e+00  -2.0831443e-01   6.6781238e-01  -1.7290018e-01   2.1493875e+00
  -1.7160341e+00   4.2442588e+00  -5.7211036e-01  -1.5924339e-01   2.4496357e+00   1.4169708e+00
  -1.9748406e+00   4.5253892e-01   2.9019896e-01  -7.4583339e-01   8.6797634e-01   1.0848459e+00
  -5.7147734e-01  -2.0638111e-01  -3.4699494e-01   2.3069996e+00  -4.9658413e-01   2.3691784e+00
  -4.9070316e-01   1.8216651e-01   9.3464477e-01   1.4172875e+00   6.1029571e-01   1.8170947e+00
  -8.3638338e-01   1.9277139e+00  -1.3748576e-01   6.3488198e-01  -2.9796329e-01   1.4297635e+00
  -2.7130119e-01  -7.6043520e-01  -7.5023962e-01   1.2665400e+00  -1.5199993e+00   1.2329159e+00
   3.7411074e-01   9.8810053e-01  -7.2128279e-01   1.3171706e+00   5.1788479e-01   3.4266276e-01
  -7.9924752e-01  -1.9681315e+00   2.5025751e-01   1.7730391e+00   1.3765049e+00   1.5176851e+00
   1.7634636e+00   6.3274444e-02  -7.8235855e-01  -2.2013443e-01  -5.6127786e-01   7.8480966e-01
   1.8797276e+00   1.0601431e+00  -6.5920354e-01   2.3303504e+00  -4.3502673e-01   2.7859210e+00
   9.5549076e-01   1.2352304e-01   1.1311014e-01   1.5187553e+00   9.4423448e-02   1.0941895e+00
  -8.1060430e-01   1.3035766e+00   1.0880315e+00   4.1911557e-01  -1.6050201e+00   1.6877651e+00
  -1.8612109e+00   1.6101199e+00  -4.7586341e-01  -1.1457939e+00  -3.3946428e-01   2.0976685e+00
   2.3676170e-01  -2.1315490e+00  -6.1571991e-01  -2.1930843e-03   3.6594440e-01   8.4991861e-01
   3.6359803e-01  -2.0271545e+00  -3.6368106e-01  -4.6620433e-01  -5.2172099e-01   1.0021071e+00
  -6.9632067e-01  -1.9387933e+00   2.2416774e-01  -8.9583998e-01   7.5302894e-01   3.4195689e-01
  -1.2577972e+00  -6.3162000e-01   1.6577899e+00   1.6814190e+00  -1.7046378e+00   3.1945791e+00
  -8.3800053e-01  -6.6702503e-01   7.8599495e-01  -6.3679480e-01  -3.1662343e-01  -1.2074151e-01
   1.3411998e-01   1.2049797e+00  -5.0041701e-01   1.3183298e+00  -9.5642890e-01   2.6881533e+00
  -8.8811745e-02  -4.3197738e-01  -5.5716970e-02   1.4560191e+00   5.5504408e-01   1.4713140e+00
  -3.5340408e-01  -7.5843875e-01   6.9189635e-01   1.7188636e+00  -9.2860665e-01   1.0164468e+00
  -1.1963078e+00  -3.3310319e-01  -1.2872120e-01   1.4067242e-01  -9.2088131e-01   1.3382257e+00
   1.7580400e+00   3.5095047e-01   5.9820959e-01   2.4531350e+00   8.2284900e-01   1.5504386e+00
  -2.9100200e-01  -9.8546144e-02  -3.2499807e-01   1.9825261e+00  -5.0267669e-01   2.5916311e+00
  -4.4144130e-01   6.7106556e-01  -1.1372267e+00   3.1145862e-02   9.6719713e-01   5.0133906e-01
  -1.8545899e+00  -1.1533456e+00  -6.4161230e-01   2.3265212e+00  -6.3479931e-01  -7.7504265e-01
   6.8574363e-01  -5.0526859e-01  -1.3513422e+00   9.2144254e-02   2.1436329e-01   2.4706061e+00
   3.4516411e-01  -7.9848111e-01   6.0870551e-01   2.0932869e+00   7.2589112e-01   5.4658095e-01
   1.8715243e+00  -9.5875258e-01  -8.2465795e-01   2.4143573e-01  -5.7539484e-02   5.7801882e-01
  -1.1067709e+00   1.7499900e+00  -7.2224255e-01   2.0006351e+00  -7.1177193e-01   1.9230572e+00
   7.7827830e-01  -3.2566951e-01  -3.3017216e-01   1.0199889e+00  -2.9016082e-01  -9.2233463e-01
   1.8963595e-01  -1.0152820e+00  -1.2614514e-01  -9.7787656e-02   3.5140732e-01   5.5661369e-02
   7.3507927e-02   2.2795797e-01   9.1907830e-01   1.1332267e+00  -3.4231498e-01   2.0446857e+00
   1.2796817e+00  -2.2164603e-01   9.7578819e-01  -3.1465748e-01  -1.3949242e-01   2.1409784e+00
   7.1805944e-01  -1.3500835e-01   2.2205935e-01   1.8533375e+00  -8.7286231e-01   2.5602727e+00
   1.1376552e+00  -4.9189633e-01   1.5263790e+00   1.4707528e+00  -1.0130830e+00  -5.9076266e-02
   1.6080032e+00   4.8369215e-01  -2.9217594e-01   2.1811887e-01   1.2583119e+00  -5.7279137e-01
  -9.3133661e-01   2.7776523e-01   5.2611639e-01   7.1581684e-01   7.5148025e-01  -5.3004710e-01
  -6.0253948e-02   3.7130565e-01   5.7442846e-01   1.0180051e+00   3.2417656e-01   2.7089723e+00
   2.2262366e-01   4.3909203e-01  -6.2720048e-01   2.3343022e+00   4.8884953e-01   1.2392850e+00
   7.2393120e-02  -9.8211467e-01  -8.0671170e-01   2.0961522e+00   2.0591918e-01   9.8491395e-02
   5.4699724e-01  -1.4683771e-02   2.2448263e-01   2.8895780e-01   5.5154191e-01   1.1282591e+00
  -1.3062057e+00   8.9844027e-01   2.0710874e+00   1.1412500e+00   3.7553766e-02   2.2378459e+00
  -2.5603472e-01   2.2414813e+00   2.1241903e+00   7.2932509e-01  -2.4103510e-01   2.0068932e+00
   1.1976755e+00   4.5840598e-01   1.0779318e+00   2.2852420e+00  -8.7043651e-01   6.8562381e-01
  -1.2122401e-01   1.5327083e+00   5.9912231e-01   2.1710472e-01   2.6767831e-01  -6.0502663e-01
   1.8637073e+00  -6.0034995e-02  -2.0203648e-01   2.3816971e-03  -4.4219451e-01   2.8796076e+00
  -5.8967265e-01  -9.5670389e-01  -2.8856843e-01   2.8384386e+00   1.5044139e+00  -2.8875706e-01
  -1.0943562e+00  -2.5416395e-01  -1.1848458e+00   6.4515099e-01   4.4747329e-01  -9.9673598e-01
  -1.8218595e+00  -1.2637489e+00   3.6418862e-01   2.4876491e+00  -1.4160580e+00   1.8231860e+00
   7.2389506e-02  -1.8982638e+00  -6.6182478e-01  -1.0724811e+00   1.3121886e+00   1.9668492e+00
   4.5957609e-01   3.9174570e-01  -1.1782488e-01   8.8635258e-01  -1.2962544e+00   3.9670765e-02
  -6.3700589e-01  -5.3487568e-02  -1.9000455e-01   1.5010090e+00  -8.1784523e-01   1.6145491e+00
  -5.5818620e-01   2.0039489e-01  -9.1790647e-01   9.0036548e-01   1.3170096e+00   1.9262075e+00
