  -4.2326759e-01   1.7248089e-01  -9.5405486e-02   1.5154913e+00   8.9044536e-02   1.3404308e+00
  -2.7303519e-01  -4.8323796e-01  -8.0280041e-02   5.3424852e-01  -1.7379267e-01   1.0830060e+00
  -1.4329411e-01   4.5213390e-01   4.2311592e-02  -3.0981016e-01  -8.2920768e-02   1.3965871e+00
   5.2628444e-01   4.7996022e-01   1.1633497e+00   1.4043297e+00   5.8673918e-01   1.1204048e+00
   2.9637479e-01   6.0327839e-01   3.3756656e-01   1.3979890e+00   1.2311035e+00  -3.7769583e-01
  -8.1269226e-02   1.3152771e-01   2.6768529e-01   6.2248575e-02   5.7312118e-01   9.2660819e-03
   7.9404006e-02  -2.9114293e-01  -6.1897758e-01  -3.4384972e-01   1.5005160e+00   6.4279582e-01
   1.3182768e-01  -4.1597903e-01  -9.3133628e-02   6.3918962e-01  -4.4915787e-02   1.2663049e+00
   1.1901722e-01  -9.5562733e-02  -1.3303786e+00   2.8387822e+00  -5.2568943e-02   1.2036835e+00
  -2.5491699e-02  -4.4712583e-02  -5.1141936e-01   1.4390948e+00   2.3942465e-01   1.6396052e+00
  -6.3261038e-01  -2.9749255e-01  -7.8971233e-01   1.8481435e+00  -7.1732766e-01   9.9460960e-01
  -2.9664367e-01  -3.2599334e-01  -6.3275548e-02   8.4023242e-01  -1.3193003e+00   1.6192059e+00
   4.3582662e-02   4.7761977e-02   4.1544490e-01   8.3478137e-01  -1.0708094e+00  -1.3997179e+00
   2.8989311e-01   3.4965397e-01  -6.8388440e-01   1.8533711e+00  -2.2795389e-01   1.1673342e+00
  -3.7668390e-01  -7.2666285e-03  -2.9144013e-01   5.8890884e-01   4.5452842e-01   1.4067553e+00
  -1.1048850e-01   3.0099705e-01  -5.7087048e-02   7.2741446e-01   4.1937617e-01   1.7060616e+00
   4.0792308e-01  -2.8247706e-01  -3.3723955e-01   1.6946781e-01   6.6404180e-01   1.7333184e+00
  -2.4705941e-01   9.3682722e-01   8.4624209e-01   1.8078403e+00   2.5480907e-01   1.0287007e+00
   3.3842296e-01  -2.7375436e-01  -3.6112092e-01   1.1507037e+00   3.1034403e-01   9.7023609e-01
   2.6139198e-01   5.1476624e-01   1.4850920e-02   1.8508468e+00   3.7238687e-01   1.8309215e+00
  -3.1954997e-01  -2.2100659e-01  -1.0338347e+00  -1.0139996e-01  -3.5057906e-01  -3.5924761e-01
  -5.4696610e-01   4.9703762e-01  -1.0529696e-01   1.1937619e-01   3.4292868e-02   1.0275789e+00
  -5.9723821e-01   3.3651872e-01   1.0859939e+00   1.4667269e+00  -6.6349213e-01   1.3096915e+00
  -6.4134798e-01   5.2010682e-02   1.8758282e-01   9.5258203e-01   1.1006720e-01   1.6704725e+00
   7.8239922e-01  -4.8082961e-03   1.0723088e+00   1.4439690e+00  -2.6046627e+00   8.1098800e-01
  -1.3307368e-01  -1.1923903e-01  -7.6883404e-01   1.4958067e-01   5.4451172e-01   1.3479268e+00
   7.3675179e-01   5.5962866e-01  -2.4356706e-01   1.2590104e+00   5.7676764e-01   1.7290704e+00
  -4.8228403e-01   6.0185460e-01  -5.7474201e-02   8.2277812e-01   3.0793711e-02   1.0277422e+00
   1.4344734e-01   6.1990083e-02   9.0493906e-01   9.2733228e-01   3.5646963e-01   5.0031193e-01
   2.0608758e-01  -1.8780605e-01   4.1854648e-01   3.7599463e-02   6.9706463e-01   1.7287921e-01
   1.4370090e-01  -2.2482533e-02  -6.6217205e-01   4.7638355e-01  -1.2530514e-01   1.1258301e+00
   9.1824166e-01  -7.7952431e-03   1.2123256e+00   1.7695072e+00   2.0035091e+00   9.9187100e-01
  -3.8450590e-01   3.2716161e-02   7.0201009e-01   9.6441270e-01  -1.0511607e-01   9.1402595e-01
  -3.4743101e-01   6.0998437e-01   4.5733545e-02   1.0544591e+00  -1.7544391e-01   1.2351833e+00
  -2.4352515e-01  -1.4292371e-01  -1.8344084e-01   5.3506038e-01  -6.6415504e-01   9.3164362e-01
   8.2278193e-01   6.0394346e-01   3.6024683e-01   1.8955866e-01  -1.6854222e-01   1.7221306e+00
  -5.2930390e-02   4.5907326e-03   4.2214248e-01   8.2184645e-01  -2.9129538e-01   1.8192745e+00
   4.6144953e-01  -4.7499800e-01  -6.9466010e-01   9.4589825e-01  -1.8075235e-01   7.2384170e-01
  -4.5397442e-01  -7.3615324e-02   2.4968166e-01   6.4951332e-01  -1.0026505e+00  -2.1283135e-01
   4.0791936e-01  -5.3823928e-01  -6.6454219e-01   8.4058570e-01  -9.1526909e-01   2.2340780e-01
   1.8262192e-01   3.9873946e-01  -7.3568861e-01   1.0081564e+00  -9.6886236e-01   7.6976989e-01
  -8.4543684e-02  -2.3426556e-01  -1.6707744e-01   1.8553940e-01  -1.5770834e+00  -7.9728603e-02
   6.4435969e-02  -5.0541200e-02  -2.8900984e-01   4.0134137e-01  -8.0336251e-01  -2.1833621e-02
  -4.5449943e-01  -5.4373611e-01  -4.7600544e-01   1.1885349e+00  -9.6318524e-01   6.7918003e-02
   3.1248136e-02   8.5999873e-02   4.7901515e-01   7.3768110e-01   1.0858492e+00   1.0931524e+00
  -2.1272752e-01   5.2909252e-01  -5.5384438e-01  -4.1241118e-01  -7.6946956e-02   2.4095587e-01
   3.6865930e-01  -2.7143429e-01   2.9008531e-01   9.6411770e-01   1.2922462e-01   4.9930677e-01
   4.7767524e-01   1.0009145e+00   4.7738038e-01   7.2430014e-01  -3.5869527e-01   1.4941856e+00
   6.3213603e-01  -2.9446410e-01   1.0642280e-03   1.9495013e+00  -1.0229947e-01   7.6873119e-01
   1.1534077e-01   4.6325213e-01   3.6892698e-01   4.0673963e-01   7.1500850e-01   2.7576751e-01
  -7.1841957e-01  -4.2325793e-02  -3.6353725e-01   1.0034422e+00   7.9131921e-01   8.4473173e-01
  -2.6895886e-02   1.1547313e+00  -4.6963524e-01   9.5821223e-01   5.1771912e-01   1.5638659e+00
   2.1764457e-01   8.1723580e-01   3.3542088e-02   9.0768619e-01   1.1196268e+00  -2.5148467e-01
   1.5593824e-02   2.1741520e-01   5.5773938e-01   5.7070209e-01   9.6790722e-01   7.8163527e-03
  -6.2192573e-01   2.6267351e-01   3.3796441e-01   3.3012442e-01   6.5101786e-01   6.9358004e-01
   4.4639317e-01   1.4979748e-01   7.0064022e-01   4.3271974e-01   6.7557681e-01   9.6566618e-01
   4.4036140e-01  -1.8616837e-01   6.3891339e-01   1.0090542e+00   8.6660153e-01  -2.5710900e-01
   6.7475882e-01  -2.4860003e-02   1.8289257e-02   9.7407229e-01   2.9368024e-01   5.3475580e-01
   4.5048832e-01  -4.5592190e-01   8.5921250e-01   9.6834855e-01  -6.2700009e-01   1.4205088e+00
  -2.8045470e-01   3.1573659e-01   6.8549930e-01   1.3906842e+00  -3.8633182e-01   9.8204462e-01
  -4.2349556e-01   3.0124913e-01  -5.8117382e-02   1.2764354e+00   3.7260920e-02   1.2351387e+00
  -2.4803237e-01  -3.9027589e-02   4.3478701e-01   1.0330498e-01   6.6622468e-02   1.2729026e+00
  -3.8429178e-01  -1.7478173e-01   6.0709538e-03   1.0854467e+00   3.3766405e-02   1.0156793e+00
   7.6141004e-02  -5.6281668e-02   4.6696462e-01   3.3505640e-01  -3.2040653e-01   4.8501369e-01
   1.4745360e-01   4.7200757e-01   6.5306122e-01   3.3439265e-01  -1.3705788e+00   1.0126536e+00
  -3.7094798e-01  -8.2287666e-01   1.8967902e+00   1.5954543e-01  -2.3329141e-03   1.5106738e+00
   2.2270461e-01  -5.4710004e-01  -2.9209256e-01   8.3675749e-01  -5.9951287e-01   6.1347942e-01
  -3.3028028e-01  -1.0289184e+00   6.1867953e-01   1.1691635e+00  -1.0282140e+00   1.2171760e+00
   5.0654355e-01  -3.6998925e-02  -6.7556073e-01   1.4874710e+00  -1.3914536e+00  -1.8410610e-01
   9.5466265e-02   4.4251945e-01  -2.0260819e-01   8.8994104e-01  -5.1953843e-01  -2.9188595e-01
   1.4338726e-01   2.1909707e-01   3.0232938e-01   4.6750728e-01  -1.6187850e-01  -8.9330072e-02
   2.6737141e-01  -8.7815484e-02   6.8635322e-01   1.5973804e+00  -8.9854823e-01   9.7645943e-01
   1.1259647e-01  -5.0041310e-01  -1.0321572e-02   4.9417801e-01  -6.2611178e-01   1.5133659e+00
   1.1809386e-01   2.2154769e-01   5.7910940e-02   2.2421432e+00  -1.4150373e+00   1.1244181e+00
   2.2246797e-01   3.1378290e-01  -5.4125042e-01   4.6679658e-02   1.6510835e-01   1.0766090e+00
  -5.8590802e-02  -3.8753131e-01   5.1282919e-01   1.8431068e-01   1.0933100e+00   1.8563095e+00
  -5.2909760e-01   5.5726226e-01   6.5644933e-01   1.1209541e-01  -6.0689200e-01   7.5225201e-01
   2.1642391e-01  -2.2395474e-01   2.3766120e-01   9.7757575e-01  -1.4864045e+00   9.3756056e-01
  -5.2847996e-01  -5.2416146e-01  -3.5433159e-01   1.0692401e+00  -7.5158580e-02   1.3476749e+00
  -5.5172748e-02   1.1086140e-01  -1.5315792e+00   2.3633200e-01   8.3831526e-01   1.8976461e+00
  -2.1277557e-01  -8.6747764e-01  -1.1811773e-01   7.8061429e-01  -4.5391526e-01   1.0934831e+00
   5.2942709e-01   5.0996501e-02  -2.2735257e-01   1.0258554e+00  -5.0400476e-01   4.9876870e-01
  -1.0824505e-01   3.9876643e-01   7.5688858e-01   1.6048768e+00  -1.2347592e-01   6.5346309e-01
  -2.5812439e-01  -6.4773688e-01  -3.4106282e-01   3.1958478e-01  -4.4094271e-01   7.3584667e-01
   2.4451774e-01  -2.8077646e-01  -2.1653675e-01   8.0123088e-01  -8.6388096e-02   1.2490870e+00
  -2.8171840e-01  -1.5942442e-01  -3.4761174e-01   1.1372209e+00  -1.6644565e+00   5.5030991e-01
   2.3743300e-01  -5.0928770e-01  -7.9497175e-01   4.2458107e-01  -1.3046145e+00  -3.7625813e-01
  -9.4656354e-01   1.0376950e+00  -5.6674765e-01  -1.7253447e+00   5.2015280e-02   8.4318528e-02
   1.1911989e+00   2.8672982e-01   9.8786316e-01   4.6236636e-01  -7.9856401e-01   1.8523959e+00
   1.4792919e+00   1.3498067e+00  -1.3416746e+00   2.4244250e+00   8.8598107e-01   7.7079575e-01
  -1.2445115e+00   6.0387419e-01  -4.8264519e-01   6.6746423e-01  -8.0286140e-01   1.3014074e+00
   2.1434427e-01  -1.7001375e+00   4.6489324e-01   6.9798824e-01   2.4490519e-01  -7.8923632e-01
  -1.1206096e+00  -2.9796709e-01   6.5385206e-01   1.2063692e+00  -1.9548869e+00   1.5159478e-01
  -4.1734659e-01  -4.5747547e-01   1.6104656e-01   9.6391587e-01  -1.3174626e+00   1.2796975e+00
  -1.6219888e-01  -2.4454359e-01  -1.6306951e+00   2.9496294e-01  -8.2720927e-01   2.2334740e+00
  -1.7096452e+00  -1.1310986e+00  -2.0730469e-01   6.6797634e-01  -1.7409714e-01   2.1541298e+00
  -1.7160708e+00   4.2442592e+00  -5.7179386e-01  -1.5922912e-01   2.4495345e+00   1.4169312e+00
  -1.9860468e+00   4.5246527e-01   3.0348449e-01  -7.4994920e-01   8.6739795e-01   1.0927597e+00
  -5.7088898e-01  -2.0637077e-01  -3.4583112e-01   2.3062547e+00  -4.9349844e-01   2.3677396e+00
  -4.8938734e-01   1.8219266e-01   9.3441084e-01   1.4176137e+00   6.1830032e-01   1.8145185e+00
  -9.2447009e-01   1.9294220e+00  -1.0794302e-01   6.4550020e-01  -3.6351160e-01   1.3860832e+00
  -2.7312967e-01  -7.6046275e-01  -7.5302499e-01   1.2667165e+00  -1.5247297e+00   1.2340646e+00
   3.7548713e-01   9.8772859e-01  -7.1385426e-01   1.3173747e+00   4.7495764e-01   3.4469197e-01
  -8.0641008e-01  -1.9689081e+00   2.5651666e-01   1.7782281e+00   1.3884758e+00   1.5466397e+00
   1.7616387e+00   6.3314323e-02  -7.9068607e-01  -2.2131636e-01  -5.6300434e-01   7.8937326e-01
   1.8797374e+00   1.0601430e+00  -6.5921667e-01   2.3303510e+00  -4.3502558e-01   2.7859514e+00
   8.5327188e-01   1.1689436e-01   2.1109384e-01   1.4955821e+00  -1.1808005e-01   1.0542993e+00
  -8.1034420e-01   1.3035695e+00   1.0874781e+00   4.1911012e-01  -1.6046411e+00   1.6877854e+00
  -1.8610256e+00   1.6101192e+00  -4.7531293e-01  -1.1457690e+00  -3.3954296e-01   2.0971227e+00
   1.0109906e-01  -2.1426205e+00  -6.4338535e-01  -1.7620742e-02   4.0988659e-01   7.3820347e-01
   3.0810199e-01  -2.0278656e+00  -3.6742023e-01  -4.7002503e-01  -3.9311912e-01   1.0441888e+00
  -6.9596566e-01  -1.9353186e+00   2.5365427e-01  -8.7522370e-01   7.2283708e-01   3.9064870e-01
  -1.2577977e+00  -6.3162001e-01   1.6577902e+00   1.6814190e+00  -1.7046381e+00   3.1945801e+00
  -8.4051574e-01  -6.6702631e-01   7.8247876e-01  -6.3630259e-01  -3.1649666e-01  -1.1990318e-01
   1.3414720e-01   1.2049799e+00  -5.0038051e-01   1.3183446e+00  -9.5660624e-01   2.6881970e+00
   3.1332513e-01  -4.4517876e-01  -1.5884778e-01   1.4751908e+00   2.5088099e-01   1.5668616e+00
  -3.6853119e-01  -7.5879946e-01   7.5626015e-01   1.7130049e+00  -9.6667407e-01   1.0277781e+00
  -1.2164482e+00  -3.3249521e-01  -1.5625291e-01   1.3544933e-01  -8.8859479e-01   1.3016187e+00
   1.7581162e+00   3.5095870e-01   5.9804333e-01   2.4531962e+00   8.2348538e-01   1.5506234e+00
  -2.9151275e-01  -9.8542864e-02  -3.2499870e-01   1.9829587e+00  -5.0233711e-01   2.5917705e+00
  -4.4534682e-01   6.7105481e-01  -1.1351551e+00   3.0951342e-02   9.7824947e-01   5.0272078e-01
  -1.8545750e+00  -1.1533458e+00  -6.4174823e-01   2.3265317e+00  -6.3470455e-01  -7.7508459e-01
   6.8583353e-01  -5.0526974e-01  -1.3512714e+00   9.2135996e-02   2.1436258e-01   2.4705310e+00
   3.9724135e-01  -8.0214707e-01   6.8043072e-01   2.0950421e+00   7.2989953e-01   5.2661760e-01
   1.8789173e+00  -9.5896635e-01  -8.4017256e-01   2.4056822e-01  -6.4198139e-02   5.6794475e-01
  -1.1063902e+00   1.7499411e+00  -7.2229549e-01   2.0008128e+00  -7.0535771e-01   1.9207532e+00
   7.7835626e-01  -3.2566990e-01  -3.3012700e-01   1.0199912e+00  -2.9020881e-01  -9.2254457e-01
   1.8893787e-01  -1.0149807e+00  -1.3081021e-01  -9.6818613e-02   3.6223562e-01   2.1243169e-02
   5.0750840e-02   2.2791633e-01   9.3188201e-01   1.1343242e+00  -3.3324548e-01   2.0671042e+00
   1.2795377e+00  -2.2166153e-01   9.7841361e-01  -3.1473969e-01  -1.4028830e-01   2.1423038e+00
   7.1787504e-01  -1.3501272e-01   2.2215513e-01   1.8533475e+00  -8.7233787e-01   2.5605735e+00
   1.1375983e+00  -4.9189616e-01   1.5263432e+00   1.4707688e+00  -1.0130691e+00  -5.8940664e-02
   1.6081948e+00   4.8369528e-01  -2.9197112e-01   2.1819607e-01   1.2578535e+00  -5.7151532e-01
  -9.3199588e-01   2.7774146e-01   5.2505736e-01   7.1567098e-01   7.5286612e-01  -5.2953190e-01
  -5.9918585e-02   3.7130084e-01   5.7385523e-01   1.0179077e+00   3.2904462e-01   2.7054668e+00
   1.2052809e-01   4.3183642e-01  -6.1950291e-01   2.3950911e+00   4.8685880e-01   1.0237245e+00
   6.6898653e-02  -9.8208739e-01  -8.1047454e-01   2.0962768e+00   2.0070750e-01   8.7245689e-02
   2.9550562e-01  -2.6371932e-02   3.3253268e-01   2.6438208e-01   6.6755283e-02   1.0490360e+00
  -1.3061999e+00   8.9844022e-01   2.0710869e+00   1.1412496e+00   3.7555347e-02   2.2378436e+00
  -2.5593008e-01   2.2414729e+00   2.1236007e+00   7.2932951e-01  -2.4103032e-01   2.0069837e+00
   1.1984344e+00   4.5830529e-01   1.0865914e+00   2.2859668e+00  -8.6868405e-01   6.8641483e-01
  -1.2161012e-01   1.5327205e+00   5.9908718e-01   2.1707980e-01   2.6797683e-01  -6.0469110e-01
   1.8637112e+00  -6.0035036e-02  -2.0204583e-01   2.3826841e-03  -4.4219469e-01   2.8796348e+00
  -5.9002880e-01  -9.5671907e-01  -2.8900633e-01   2.8387833e+00   1.5053457e+00  -2.8988514e-01
  -1.0943542e+00  -2.5416406e-01  -1.1847756e+00   6.4515785e-01   4.4748843e-01  -9.9665569e-01
  -1.8219278e+00  -1.2637505e+00   3.6436034e-01   2.4876820e+00  -1.4162313e+00   1.8235844e+00
   7.2375476e-02  -1.8982449e+00  -6.6094649e-01  -1.0722177e+00   1.3111702e+00   1.9660104e+00
   4.4241599e-01   3.9240958e-01  -1.0402622e-01   8.8565743e-01  -1.1979308e+00   1.6458573e-01
  -6.2293699e-01  -5.3067009e-02  -1.9481392e-01   1.5034614e+00  -8.3370587e-01   1.6038318e+00
  -5.5918795e-01   2.0039760e-01  -9.1809340e-01   9.0015347e-01   1.3168159e+00   1.9253946e+00
