  -6.5149576e-01   3.0267944e-01  -1.9558719e-01   1.3556296e+00  -1.2113633e-01   1.2958870e+00
  -2.5006005e-01  -5.0353753e-01   1.7942360e-01   2.4245208e-01   1.2297522e-01   1.5746182e+00
  -2.8128399e-01   4.4809868e-01   6.8283274e-03  -3.2349948e-01  -7.2380741e-01   1.4893293e+00
   5.2100160e-01   4.8036322e-01   1.1117749e+00   1.4090853e+00   5.2470619e-01   1.1248966e+00
   3.0910466e-01   6.0731260e-01   3.6491032e-01   1.4116119e+00   1.2752186e+00  -3.0309439e-01
  -8.7209927e-02   1.5134352e-01   3.2029288e-01   9.2670440e-02   7.2336872e-01  -3.5642652e-02
   4.0795757e-02  -2.9075853e-01  -7.6578564e-01  -3.5264406e-01   1.5431728e+00   6.5695681e-01
   1.6979623e-01  -1.4270080e-01  -1.3096612e-01   7.9967073e-01  -1.5309746e-01   1.5784255e+00
   1.1292560e-01  -9.5448941e-02  -1.3249640e+00   2.8343579e+00  -5.6235887e-02   1.1905628e+00
  -3.8130774e-02  -1.2070515e-01  -4.2634152e-01   1.4672077e+00   6.9045838e-01   1.5181998e+00
  -6.1064675e-01  -2.9692989e-01  -6.1723477e-01   1.8432780e+00  -6.9877611e-01   1.0114868e+00
  -3.2833380e-01  -3.1789914e-01  -9.5676790e-02   8.0250009e-01  -1.1427695e+00   1.5028063e+00
   4.8421004e-02   4.7790801e-02   4.1881142e-01   8.3495688e-01  -1.0702068e+00  -1.4162744e+00
   4.8147698e-01   3.4569886e-01  -8.2069576e-01   1.9055446e+00  -2.2802537e-02   1.2359787e+00
  -4.7671928e-01   7.1774038e-03  -5.8397702e-01   6.1320574e-01   5.1817289e-01   1.5609160e+00
   1.4784817e-01   3.2007066e-01  -3.2779609e-01   8.4176869e-01   1.0289417e+00   1.7578279e+00
   4.7296512e-01  -2.9239728e-01  -5.6035819e-01   1.9775947e-01   6.4403894e-01   1.5985059e+00
  -3.6472262e-01   9.3730485e-01   1.0659254e+00   1.8214196e+00   1.3701598e-01   1.0196021e+00
   5.4131977e-01  -2.8313969e-01  -8.5791201e-01   1.1079885e+00   2.2448808e-02   8.1345861e-01
   1.5863053e-01   4.9646784e-01  -3.1737082e-01   1.8535480e+00   4.0375296e-01   2.0311335e+00
  -3.1752332e-01  -2.2080406e-01  -1.0058849e+00  -1.0392398e-01  -3.5239931e-01  -3.4787384e-01
  -3.1730058e-01   5.2425492e-01  -7.3545575e-02   1.4384237e-01   5.3711860e-03   1.6371615e+00
  -5.9962886e-01   3.3746751e-01   8.5229782e-01   1.4698669e+00  -5.0245586e-01   1.2609730e+00
  -7.8010991e-01   5.3205044e-02   2.1923211e-01   9.4452884e-01   1.4974052e-01   1.8129768e+00
   7.8177216e-01  -4.8804628e-03   1.0861870e+00   1.4442938e+00  -2.6060865e+00   8.0945975e-01
  -1.8602323e-01  -1.1915227e-01  -7.6578569e-01   1.5400265e-01   4.3005882e-01   1.3842946e+00
   7.2156187e-01   5.3851696e-01  -5.4533552e-01   1.2714130e+00   6.6884380e-01   1.8843689e+00
  -7.4778290e-01   2.9782928e-01   5.9947890e-01   8.0775173e-01   1.0657243e+00   9.1805923e-01
   1.1716969e-01   6.2249201e-02   9.7919660e-01   9.3514197e-01   2.2753716e-01   4.6478973e-01
   2.2408216e-01  -1.6049409e-01   1.9814104e-01   5.6910488e-02   4.5005816e-01   1.4166067e-01
   1.4805765e-01  -8.6907302e-04  -6.4320655e-01   4.3360719e-01  -6.6393811e-01   1.0484629e+00
   9.1787882e-01  -7.8207959e-03   1.2203619e+00   1.7698551e+00   2.0046232e+00   9.9239212e-01
   9.3715506e-03   7.9673064e-02   7.1326475e-01   8.8330511e-01  -4.7301163e-01   9.4131864e-01
   4.6233444e-01   9.1767778e-02  -1.6436148e-01   1.5171047e+00  -2.2719907e-02   1.3047457e+00
   2.5101901e-01  -2.3261944e-01  -3.7851518e-01   4.6290028e-01  -6.1540547e-01   1.3583430e+00
   9.6387054e-01   6.0279645e-01   3.5348192e-01   1.9186855e-01  -3.2176259e-01   1.7312275e+00
  -1.3175576e-02  -5.0553661e-04   4.0061856e-01   8.1417142e-01  -1.5010497e-01   1.6982757e+00
   6.6537350e-01  -4.5793399e-01  -8.2688157e-01   9.0879183e-01  -3.7886866e-01   8.3866477e-01
  -4.3776899e-01  -7.3434161e-02   3.0144724e-01   6.4201038e-01  -1.0244709e+00  -3.1089704e-01
   3.8343888e-01  -5.3925543e-01  -7.5178060e-01   8.3932097e-01  -9.7522339e-01   1.9169121e-01
   2.0806143e-01   3.9958965e-01  -6.1996220e-01   1.0114432e+00  -1.0155588e+00   7.6508541e-01
  -1.1133689e-01  -2.3448446e-01  -1.9024748e-01   1.9155754e-01  -1.5756470e+00  -8.2772567e-02
   6.8856743e-02  -5.0063492e-02  -3.1112166e-01   4.1633395e-01  -7.2405832e-01  -3.3888542e-02
  -4.3228690e-01  -5.5041443e-01  -1.5846633e-01   1.1562708e+00  -1.0267452e+00   2.4120466e-01
  -1.7467974e-01   8.3979197e-02   7.1060604e-01   7.2354800e-01   1.3675370e+00   1.0327810e+00
  -7.1258793e-01   5.2234807e-01  -4.2108171e-01  -2.3093133e-01   2.1937821e-01   6.1575951e-01
   4.9295777e-01  -2.8856927e-01  -4.9109399e-02   9.0974283e-01   1.8569119e-01   5.8431315e-01
   5.5932313e-01   1.0229258e+00   2.1277877e-01   8.2738983e-01  -2.1383287e-01   1.4502728e+00
   9.8278558e-01  -6.0418838e-03  -2.2898767e-01   2.0550306e+00  -1.0457253e-01   1.0424232e+00
  -6.8981255e-02   4.7213903e-01   5.4568790e-01   4.1856832e-01   1.2145297e+00   1.7430179e-01
  -1.0360896e+00  -3.8236551e-02  -1.2687425e+00   9.8176348e-01   1.4428346e+00   9.7328146e-01
  -1.2951284e-01   1.1450137e+00  -6.5367909e-01   9.2413192e-01   3.3806182e-01   1.8386486e+00
   2.6630019e-01   8.1082516e-01   6.1998265e-02   8.9441750e-01   1.0739800e+00  -4.5454267e-01
  -1.6229072e-02   1.9656649e-01   5.1736691e-01   5.4354359e-01   9.9930689e-01  -1.0438448e-01
  -4.1705404e-01   2.8592234e-01   6.9619018e-01   3.8001815e-01   9.7366263e-01   8.1422681e-01
   4.9412991e-01   1.4253795e-01   5.5041220e-01   4.0024970e-01   9.2254421e-01   9.7271362e-01
   4.4417142e-01  -1.8530995e-01   6.5122152e-01   1.0079398e+00   8.4400210e-01  -2.4937061e-01
   6.9592476e-01  -8.7426079e-03   4.9651037e-02   9.1461356e-01   3.1872407e-01  -3.8438574e-02
   3.8518254e-01  -4.6811656e-01   4.1751636e-01   1.0569960e+00  -4.7659935e-01   7.0152701e-01
  -4.6293944e-01   3.0770325e-01   8.6319348e-01   1.3053484e+00  -3.6413445e-01   1.1611468e+00
   1.8951530e-01   7.1201708e-02  -1.1120055e-01   9.1087244e-01  -7.9082549e-02   1.5036235e+00
  -2.1132526e-01   5.3911956e-02   2.0705001e-01   1.0342839e-01   7.1574100e-01   1.2527512e+00
  -1.0716660e+00   1.5571799e-01   2.4076635e-02   9.7725302e-01   1.1512820e+00   8.9591421e-01
   1.0662945e-01  -5.4729711e-02   4.5226389e-01   2.8337279e-01  -3.9536111e-01   2.2298375e-01
   4.4823173e-01   4.7821326e-01   5.7315067e-01   3.4727131e-01  -1.0741957e+00   9.9080240e-01
  -3.6997248e-01  -8.2285840e-01   1.8915333e+00   1.5970957e-01  -1.7144303e-03   1.5101133e+00
   1.4455425e-01  -5.2809487e-01  -3.8106590e-01   7.5270741e-01  -5.1774625e-01   7.0372813e-01
  -3.1088373e-01  -1.0274031e+00   5.2014327e-01   1.1699649e+00  -1.0240109e+00   1.2204807e+00
   5.0111308e-01  -3.7075902e-02  -6.9255848e-01   1.4894166e+00  -1.4094037e+00  -1.6979299e-01
   3.5967349e-02   4.4198558e-01  -1.9021590e-01   8.8861183e-01  -4.7930717e-01  -3.4117014e-01
   1.6538801e-01   2.1427211e-01   2.4765017e-01   4.4947417e-01  -1.1068205e-01  -5.5292816e-02
   3.4861953e-01  -9.3047257e-02   8.2548312e-01   1.6090137e+00  -1.1861713e+00   1.0068238e+00
   6.6194924e-02  -5.1851125e-01  -9.7077491e-02   4.8818541e-01  -9.2937821e-01   1.5028586e+00
   5.8278543e-02   2.0868759e-01   4.7408671e-01   2.2742972e+00  -1.7234596e+00   1.4814861e+00
  -4.1562110e-01   2.0936206e-01  -1.5389827e-01   3.7749644e-01  -1.1183742e-01   6.0331735e-01
  -7.3820987e-02  -3.9073382e-01   5.5076458e-01   1.8510992e-01   1.1228155e+00   1.8827281e+00
  -5.0219814e-01   5.5552785e-01   5.0235980e-01   1.9868689e-01  -4.7232296e-01   8.1923443e-01
   1.4635249e-01  -2.2332638e-01   4.7532925e-01   1.0587532e+00  -1.8264882e+00   1.1006788e+00
  -8.7186224e-01  -5.2743873e-01  -6.4550841e-01   1.1040430e+00  -1.9664313e-01   1.6127932e+00
  -5.5640242e-02   1.1083250e-01  -1.5320466e+00   2.3623027e-01   8.2949834e-01   1.8968179e+00
  -8.3377824e-01  -8.8047881e-01  -2.9655004e-01   7.1985804e-01  -8.2672627e-01   1.3476706e+00
   7.9356286e-01   1.7452348e-02  -3.4495152e-01   1.1089678e+00  -6.5648466e-01   4.3638101e-01
  -1.4140259e-03   3.8507392e-01   7.2009882e-01   1.6472022e+00  -2.5232514e-01   5.9027843e-01
   2.5051127e-02  -6.3020442e-01  -2.8890958e-01   2.1399687e-01  -8.5870582e-01   9.7333617e-01
   8.9396842e-01  -1.7848797e-01  -2.2778505e-01   7.9082306e-01   4.2887502e-01   1.6029574e+00
  -1.5032758e-01  -1.6133482e-01  -3.2142948e-01   1.1212763e+00  -1.6179726e+00   6.4292716e-01
   2.4244721e-01  -5.0926677e-01  -7.9124270e-01   4.2320309e-01  -1.3096130e+00  -3.9447792e-01
  -9.3929581e-01   1.0403272e+00  -6.9033043e-01  -1.7586496e+00  -1.4468226e-02  -1.2583559e-02
   1.1876692e+00   2.8662253e-01   1.0132249e+00   4.6262749e-01  -7.9884352e-01   1.8599955e+00
   1.4802025e+00   1.3497802e+00  -1.3483100e+00   2.4246842e+00   8.8708436e-01   7.7066906e-01
  -9.0930852e-01   6.1761408e-01  -2.2750685e-01   6.5594658e-01  -5.4410029e-01   1.1663771e+00
   2.1488851e-01  -1.7001159e+00   4.7053559e-01   6.9797563e-01   2.4327259e-01  -7.8727049e-01
  -1.1410113e+00  -2.9796540e-01   6.3740553e-01   1.2070560e+00  -1.9549498e+00   1.4017339e-01
  -3.9432400e-01  -4.5886297e-01   2.4559970e-01   9.8056072e-01  -1.5326438e+00   1.5015273e+00
  -1.6222365e-01  -2.4454368e-01  -1.6302744e+00   2.9497070e-01  -8.2677836e-01   2.2330877e+00
  -1.6731931e+00  -1.1300532e+00  -2.5693983e-01   6.6686956e-01  -1.6759759e-01   2.1538314e+00
  -1.7140629e+00   4.2443145e+00  -5.9705002e-01  -1.5981007e-01   2.4568973e+00   1.4220024e+00
  -1.9101181e+00   4.5233398e-01   2.9379343e-01  -7.3955993e-01   9.0429909e-01   1.0863678e+00
  -5.5357601e-01  -2.0536665e-01  -3.3693571e-01   2.3088624e+00  -4.5215550e-01   2.3446456e+00
  -4.9352817e-01   1.8226472e-01   9.2014107e-01   1.4160894e+00   6.0586747e-01   1.8091138e+00
  -1.1438059e+00   1.8525040e+00  -5.9993199e-01   6.4249980e-01  -7.2960665e-02   1.2850841e+00
  -2.7129480e-01  -7.6100790e-01  -7.5599075e-01   1.2645118e+00  -1.5339727e+00   1.2352021e+00
   3.7885864e-01   9.8607923e-01  -9.2578995e-01   1.3180913e+00   4.9596067e-01   2.6992356e-01
  -7.7920366e-01  -1.9690011e+00   3.2350627e-01   1.7706327e+00   1.3458625e+00   1.5200206e+00
   1.8361191e+00   6.0991625e-02  -7.2573192e-01  -1.9205278e-01  -5.0431507e-01   6.8263013e-01
   1.8795203e+00   1.0601425e+00  -6.5895247e-01   2.3303563e+00  -4.3493068e-01   2.7855532e+00
   1.4081131e+00   4.5208364e-02  -6.4138332e-03   1.7051318e+00  -1.8977901e-01   9.0223106e-01
  -8.1025587e-01   1.3035646e+00   1.0930004e+00   4.1956759e-01  -1.6010449e+00   1.6852135e+00
  -1.8576040e+00   1.6104296e+00  -4.7472869e-01  -1.1458754e+00  -3.4398182e-01   2.1069318e+00
   2.7745234e-01  -2.0974900e+00  -4.5255161e-01  -1.5210487e-02   3.4514805e-01   8.7170861e-01
   5.2058790e-01  -2.0419507e+00  -1.6301258e-01  -3.4584312e-01  -2.0215362e-01   9.0320516e-01
  -7.2256015e-01  -1.9409239e+00   2.0253964e-01  -8.8275887e-01   7.7762569e-01   3.5554559e-01
  -1.2577951e+00  -6.3162000e-01   1.6577979e+00   1.6814187e+00  -1.7046375e+00   3.1945822e+00
  -8.2497765e-01  -6.6713572e-01   7.9571133e-01  -6.3827388e-01  -3.2498320e-01  -1.3279132e-01
   1.3584822e-01   1.2049890e+00  -5.0204803e-01   1.3182908e+00  -9.5714715e-01   2.6858516e+00
  -3.4304087e-02  -3.1860687e-01  -8.3609123e-02   1.3385436e+00   6.1691814e-01   1.7190193e+00
  -3.5606182e-01  -7.6166208e-01   6.4992618e-01   1.7476164e+00  -9.2110962e-01   9.9031869e-01
  -1.2722360e+00  -3.2090660e-01  -4.9450745e-02   2.8935441e-01  -8.0396961e-01   1.4720724e+00
   1.7647457e+00   3.5057578e-01   5.3051147e-01   2.4526039e+00   8.3034499e-01   1.5541406e+00
  -3.0203288e-01  -9.8759099e-02  -3.3190149e-01   1.9819363e+00  -5.2587807e-01   2.6119336e+00
  -4.4791924e-01   6.7123101e-01  -1.1148210e+00   3.1239463e-02   9.5312418e-01   4.9085675e-01
  -1.8554278e+00  -1.1533462e+00  -6.4060992e-01   2.3266985e+00  -6.3645689e-01  -7.7551674e-01
   6.8552585e-01  -5.0527035e-01  -1.3501684e+00   9.2292454e-02   2.1517882e-01   2.4701985e+00
   3.0709115e-01  -7.8101346e-01   2.2944292e-01   2.0929438e+00   7.9197792e-01   5.4643472e-01
   1.8730142e+00  -9.5542331e-01  -6.8682934e-01   2.0051379e-01  -1.3371864e-01   6.7154621e-01
  -1.1031941e+00   1.7490441e+00  -7.3075308e-01   2.0026828e+00  -7.0860429e-01   1.9667658e+00
   7.7988214e-01  -3.2564797e-01  -3.3740677e-01   1.0204168e+00  -2.8913915e-01  -9.2627600e-01
   1.4775275e-01  -1.0129533e+00  -1.4826985e-01  -1.2906895e-01   1.9190770e-01   3.1923556e-01
   7.3884348e-02   2.2800740e-01   9.1084386e-01   1.1335376e+00  -3.4062982e-01   2.0435908e+00
   1.2807535e+00  -2.2165459e-01   9.7138075e-01  -3.1481895e-01  -1.3682411e-01   2.1414575e+00
   7.1857209e-01  -1.3499579e-01   2.2156763e-01   1.8538467e+00  -8.7301802e-01   2.5603346e+00
   1.1381700e+00  -4.9189231e-01   1.5261225e+00   1.4710740e+00  -1.0116930e+00  -5.6707508e-02
   1.5941034e+00   4.8371876e-01  -2.8791698e-01   2.1841729e-01   1.2550613e+00  -5.7681070e-01
  -9.3474003e-01   2.7782600e-01   5.2084795e-01   7.1577345e-01   7.3991939e-01  -5.3941145e-01
  -5.8900308e-02   3.7130823e-01   5.7438490e-01   1.0179392e+00   3.2388171e-01   2.7074424e+00
   1.9023593e-01   4.8080127e-01  -4.5456568e-01   2.2441595e+00   5.3129632e-01   1.2514096e+00
   7.5797039e-02  -9.8257185e-01  -8.3145052e-01   2.0962967e+00   1.8646682e-01   9.6582867e-02
   6.6421753e-01   1.7079531e-03   1.2921350e-01   3.8456767e-01   6.8353160e-01   1.2417177e+00
  -1.3062098e+00   8.9844044e-01   2.0710748e+00   1.1412542e+00   3.7510821e-02   2.2378943e+00
  -2.5607232e-01   2.2414795e+00   2.1246847e+00   7.2933643e-01  -2.4149803e-01   2.0071121e+00
   1.2023272e+00   4.5821686e-01   1.0113803e+00   2.2771328e+00  -8.8694642e-01   6.8879129e-01
  -1.2063971e-01   1.5326412e+00   6.0490205e-01   2.1858200e-01   2.7205982e-01  -5.9187162e-01
   1.8637492e+00  -6.0035179e-02  -2.0220148e-01   2.3797332e-03  -4.4224580e-01   2.8801580e+00
  -5.7370557e-01  -9.5659454e-01  -2.8780621e-01   2.8371472e+00   1.5013047e+00  -3.1467550e-01
  -1.0942140e+00  -2.5416377e-01  -1.1841512e+00   6.4509449e-01   4.4735250e-01  -9.9603776e-01
  -1.8015554e+00  -1.2637469e+00   3.5523422e-01   2.4913986e+00  -1.3994874e+00   1.8308429e+00
   6.2124291e-02  -1.8982758e+00  -6.8827963e-01  -1.0754839e+00   1.3071735e+00   1.9799980e+00
   4.2874437e-01   3.9280287e-01  -2.7581461e-01   8.6903494e-01  -1.3181665e+00  -7.1291301e-02
  -6.9344734e-01  -8.5824954e-02  -7.2378364e-02   1.4733082e+00  -8.1737200e-01   1.8087876e+00
  -5.5969307e-01   2.0046594e-01  -9.1003183e-01   9.0047052e-01   1.3304563e+00   1.9252483e+00
