  -6.6350432e-01   3.0865362e-01  -2.6570672e-01   1.3501061e+00  -2.1887449e-01   1.4143040e+00
  -3.6000667e-01  -4.7036190e-01   1.2750457e-01   2.0227922e-01   3.6214020e-01   1.3600339e+00
  -2.6692635e-01   4.4881981e-01   7.0125911e-02  -3.2239982e-01  -7.8193809e-01   1.6088682e+00
   5.1792503e-01   4.8012198e-01   1.1331136e+00   1.4093543e+00   5.4438121e-01   1.1198588e+00
   3.0503561e-01   6.0652330e-01   3.7629447e-01   1.4100259e+00   1.2728147e+00  -3.1430318e-01
  -9.6826523e-02   1.4444418e-01   3.0372673e-01   9.0175520e-02   6.3100699e-01  -6.1561464e-02
   4.2852103e-02  -2.9071221e-01  -7.6518350e-01  -3.5372850e-01   1.5502542e+00   6.5069643e-01
   6.0483038e-02  -2.4428214e-01  -7.9062352e-02   9.5390476e-01  -8.5853317e-01   1.1011543e+00
   1.1478884e-01  -9.5529890e-02  -1.3268359e+00   2.8374115e+00  -5.2322658e-02   1.2002902e+00
   1.2992038e-02  -7.4230625e-02  -4.5176598e-01   1.4359580e+00   5.4810116e-01   1.6294652e+00
  -6.3106275e-01  -2.9570278e-01  -6.4908524e-01   1.8425802e+00  -6.9938836e-01   9.9989108e-01
  -3.3899635e-01  -3.1498164e-01  -8.2460492e-02   8.1918687e-01  -1.2599608e+00   1.6257782e+00
   4.7858612e-02   4.7794626e-02   4.1751027e-01   8.3498002e-01  -1.0711838e+00  -1.4117683e+00
   4.5061483e-01   3.4963269e-01  -7.5860134e-01   1.8935133e+00  -4.8097183e-02   1.2036283e+00
  -5.5946600e-01   2.8254228e-04  -5.4388356e-01   5.9745230e-01   5.8286233e-01   1.5893917e+00
   1.3867624e-01   3.2015399e-01  -3.4724160e-01   8.3894582e-01   1.0100198e+00   1.7815338e+00
   5.1593023e-01  -2.9755811e-01  -5.0427013e-01   1.8179804e-01   6.8219694e-01   1.5683726e+00
  -3.6951795e-01   9.3600111e-01   9.7691152e-01   1.8172859e+00   1.5588137e-01   1.0035525e+00
   6.0125459e-01  -2.8281829e-01  -8.4586023e-01   1.1268891e+00   9.3028338e-02   8.4629761e-01
   1.7393551e-01   5.0033781e-01  -2.8951633e-01   1.8441382e+00   4.6337265e-01   2.0219721e+00
  -3.1935051e-01  -2.2080430e-01  -1.0075246e+00  -1.0399101e-01  -3.4907359e-01  -3.4706643e-01
  -2.8646608e-01   4.9793214e-01  -1.2111552e-01   1.3628688e-01  -1.6427888e-01   1.4455345e+00
  -5.7050913e-01   3.3574562e-01   9.6922069e-01   1.4594045e+00  -5.8536579e-01   1.2427119e+00
  -7.2182509e-01   4.9009671e-02   1.3491074e-01   9.4429155e-01   1.8893976e-01   1.7688994e+00
   7.8332303e-01  -4.8870383e-03   1.0879570e+00   1.4443784e+00  -2.6078753e+00   8.0862648e-01
  -1.6463249e-01  -1.1691334e-01  -7.8081947e-01   1.5466139e-01   4.4710989e-01   1.4207878e+00
   7.5324581e-01   5.4006045e-01  -4.9220825e-01   1.2623468e+00   6.7317410e-01   1.8285067e+00
  -7.7360053e-01   3.2581242e-01   4.6963567e-01   7.7842055e-01   1.0737687e+00   9.5800914e-01
   1.1557482e-01   6.3111984e-02   1.0028424e+00   9.3512072e-01   2.3243638e-01   4.5598077e-01
   2.3702412e-01  -1.5519186e-01   2.6966679e-01   5.0532840e-02   4.2954975e-01   2.0080798e-01
   1.8095578e-01  -5.1327126e-03  -7.4970335e-01   4.2957301e-01  -6.5322249e-01   1.1096938e+00
   9.1815174e-01  -7.8127033e-03   1.2188315e+00   1.7698257e+00   2.0047981e+00   9.9221241e-01
   8.2062965e-02   6.9141853e-02   5.2402397e-01   8.5443660e-01  -6.2180253e-01   9.3618212e-01
   2.9289756e-01   1.6820241e-01  -6.9941617e-02   1.4646894e+00  -6.8416838e-02   1.1742310e+00
   2.2963021e-01  -2.2653381e-01  -4.0611288e-01   4.4328630e-01  -8.8541353e-01   1.2212264e+00
   9.3944466e-01   6.0423456e-01   3.2284040e-01   1.8780156e-01  -2.2287220e-01   1.6636745e+00
  -4.0508882e-02   1.9505503e-03   4.0618339e-01   8.1935582e-01  -2.7016813e-01   1.6931659e+00
   5.9084318e-01  -4.5388970e-01  -7.6679344e-01   9.0840041e-01  -2.7865554e-01   7.8188923e-01
  -4.4196458e-01  -7.3521703e-02   3.0224861e-01   6.4233133e-01  -1.0307467e+00  -3.1038059e-01
   3.8581326e-01  -5.3935119e-01  -7.5068738e-01   8.3852680e-01  -9.8361099e-01   1.9516000e-01
   1.9261442e-01   3.9886787e-01  -7.3376922e-01   1.0215063e+00  -9.6049224e-01   7.5994017e-01
  -1.0946868e-01  -2.3456582e-01  -1.8702349e-01   1.8841830e-01  -1.5753190e+00  -8.3371571e-02
   8.7526151e-02  -5.0447404e-02  -3.1593262e-01   4.1066515e-01  -7.7567276e-01  -6.0876800e-02
  -4.2576271e-01  -5.4962726e-01  -1.4401370e-01   1.1576608e+00  -1.0020854e+00   2.3434655e-01
  -1.6757301e-01   8.3655867e-02   7.0439227e-01   7.2372430e-01   1.3833758e+00   1.0401501e+00
  -7.1036260e-01   5.1033689e-01  -5.4530653e-01  -2.6918320e-01   1.2111269e-02   5.3425940e-01
   5.0585473e-01  -3.1091998e-01   1.3636768e-01   9.0564810e-01   2.0287751e-01   4.4967289e-01
   4.2290127e-01   9.9877667e-01   8.6639488e-02   7.8220525e-01  -2.2891517e-01   1.3834950e+00
   6.7965033e-01  -6.6072876e-02  -2.3435630e-02   1.9652204e+00  -1.1592156e-01   1.0941858e+00
  -6.6505185e-02   4.7094427e-01   5.5106836e-01   4.1637650e-01   1.2502017e+00   1.4936771e-01
  -1.0435016e+00  -3.8124290e-02  -1.2574821e+00   9.8246063e-01   1.4336747e+00   9.7303503e-01
  -1.4800563e-01   1.1446316e+00  -6.2087442e-01   9.3957121e-01   3.9043172e-01   1.8449684e+00
   2.6621472e-01   8.1156447e-01   5.1187119e-02   8.9576810e-01   1.0821143e+00  -4.4315465e-01
   6.0694734e-03   2.0163247e-01   5.0802234e-01   5.4757016e-01   9.7974286e-01  -6.5663879e-02
  -4.4888013e-01   2.7440849e-01   6.7068309e-01   3.9001322e-01   9.8291461e-01   8.1826794e-01
   4.8907732e-01   1.4216394e-01   5.5748246e-01   4.0443565e-01   8.5413281e-01   9.6236363e-01
   4.4043215e-01  -1.8590248e-01   6.4435503e-01   1.0073275e+00   8.4784488e-01  -2.4980576e-01
   6.8486141e-01  -6.2119507e-03   1.1927997e-02   9.2154650e-01   3.3490830e-01  -1.5488194e-02
   3.4908557e-01  -4.6151961e-01   3.6549804e-01   1.0935104e+00  -4.2739820e-01   6.6108898e-01
  -4.8814720e-01   3.1172151e-01   7.8316417e-01   1.3153538e+00  -2.8933146e-01   1.2159728e+00
  -1.8598480e-01   1.7079410e-01  -2.1118872e-01   8.9657840e-01  -9.4076932e-02   1.0833040e+00
  -1.8972978e-01   2.8766886e-02   3.0358524e-01   1.4865780e-01   5.9897318e-01   1.1440681e+00
  -1.0488788e+00   1.4033844e-01   2.6579405e-01   9.8065015e-01   1.3028251e+00   8.7166467e-01
   8.5768770e-02  -5.8612862e-02   4.5180431e-01   2.7285707e-01  -3.1011992e-01   2.6204135e-01
   3.2135968e-01   4.8091315e-01   5.3990628e-01   3.2450069e-01  -1.2063067e+00   1.0312100e+00
  -3.7026346e-01  -8.2284897e-01   1.8884543e+00   1.6007401e-01  -2.3293485e-03   1.5084012e+00
   2.4149800e-01  -5.2355558e-01  -4.5904627e-01   7.6695603e-01  -8.3791616e-01   6.9401063e-01
  -3.1431797e-01  -1.0292856e+00   5.1163828e-01   1.1792957e+00  -1.0241175e+00   1.2390241e+00
   5.0452181e-01  -3.7087774e-02  -6.8729473e-01   1.4885556e+00  -1.3984477e+00  -1.7819961e-01
   3.8457829e-02   4.4216492e-01  -1.8858445e-01   8.9037562e-01  -4.7808992e-01  -3.3067972e-01
   1.6174242e-01   2.1551787e-01   2.3896772e-01   4.5060325e-01  -1.4422104e-01  -5.3600345e-02
   3.8031658e-01  -9.3817689e-02   8.4452842e-01   1.6278365e+00  -1.2458484e+00   9.9440393e-01
   8.7675412e-02  -5.1816234e-01  -7.7679902e-02   4.8271014e-01  -9.3668763e-01   1.5342886e+00
   6.2855657e-02   2.0850547e-01   4.6628044e-01   2.2760629e+00  -1.7142940e+00   1.4724274e+00
  -3.4287063e-01   2.9426745e-01  -2.9042597e-01   3.6821192e-01  -7.0527712e-02   9.5008711e-01
  -7.0210386e-02  -3.8985535e-01   5.1104773e-01   1.8546211e-01   1.0899002e+00   1.8730468e+00
  -4.2784436e-01   5.6444692e-01   4.3361262e-01   2.0837277e-01  -7.3779979e-01   7.9859726e-01
   1.4767095e-01  -2.2327936e-01   4.7098462e-01   1.0561699e+00  -1.8138428e+00   1.0900214e+00
  -8.7408540e-01  -5.2613018e-01  -5.8633531e-01   1.1197759e+00  -2.5458083e-01   1.6348149e+00
  -5.5679527e-02   1.1083671e-01  -1.5289901e+00   2.3623681e-01   8.2792844e-01   1.8963394e+00
  -7.9080155e-01  -8.8466963e-01  -2.4713182e-01   7.0229027e-01  -1.0307817e+00   1.5434403e+00
   7.2866036e-01   1.6722872e-02  -2.5539166e-01   1.0655328e+00  -5.5850340e-01   3.7767976e-01
   1.8615916e-02   3.8578170e-01   7.1620712e-01   1.6420791e+00  -2.1945900e-01   6.1929308e-01
   7.2852906e-02  -6.4451443e-01  -9.8733131e-02   2.2192827e-01  -8.7998390e-01   9.2585698e-01
   8.4006835e-01  -2.1128636e-01  -1.7209124e-01   8.0962484e-01   3.1627893e-01   1.6035554e+00
  -1.6724862e-01  -1.6102374e-01  -3.6425831e-01   1.1359018e+00  -1.6816478e+00   6.0941004e-01
   2.4142278e-01  -5.0925868e-01  -7.9378479e-01   4.2337861e-01  -1.3100146e+00  -3.9313005e-01
  -9.3882066e-01   1.0404486e+00  -6.9774839e-01  -1.7605932e+00  -1.0155635e-02  -4.8366277e-02
   1.1860001e+00   2.8664438e-01   1.0164841e+00   4.6253260e-01  -8.0099418e-01   1.8615770e+00
   1.4809876e+00   1.3498127e+00  -1.3456704e+00   2.4247738e+00   8.8737989e-01   7.7068581e-01
  -1.0412992e+00   6.1540033e-01  -3.8430178e-01   6.5482346e-01  -6.4945049e-01   1.1846866e+00
   2.1493586e-01  -1.7001414e+00   4.6760795e-01   6.9785247e-01   2.4519721e-01  -7.8485804e-01
  -1.1399535e+00  -2.9794381e-01   6.3990858e-01   1.2070242e+00  -1.9557385e+00   1.3989419e-01
  -4.0826755e-01  -4.5989232e-01   2.8453636e-01   9.8160679e-01  -1.5469181e+00   1.5080273e+00
  -1.6220588e-01  -2.4454361e-01  -1.6307053e+00   2.9496283e-01  -8.2719178e-01   2.2334687e+00
  -1.6996586e+00  -1.1316773e+00  -2.4162538e-01   6.6639165e-01  -1.6553512e-01   2.1256882e+00
  -1.7141242e+00   4.2443154e+00  -5.9670824e-01  -1.5979837e-01   2.4565696e+00   1.4219450e+00
  -1.9059074e+00   4.5168175e-01   3.3085353e-01  -7.3122114e-01   8.7970721e-01   1.0680581e+00
  -5.7510687e-01  -2.0546048e-01  -3.2608639e-01   2.3071792e+00  -4.9201437e-01   2.3708869e+00
  -4.9202390e-01   1.8221122e-01   9.2541420e-01   1.4171498e+00   6.1101349e-01   1.8123825e+00
  -1.2569993e+00   1.8427276e+00  -4.8841554e-01   6.3140716e-01  -1.2404351e-01   1.2034839e+00
  -2.6824243e-01  -7.6098386e-01  -7.5901115e-01   1.2659847e+00  -1.5323959e+00   1.2308110e+00
   3.7844002e-01   9.8636818e-01  -9.0047633e-01   1.3189306e+00   5.0383654e-01   2.7403934e-01
  -7.8229905e-01  -1.9687902e+00   3.8556801e-01   1.7714500e+00   1.3629389e+00   1.5229918e+00
   1.7899859e+00   6.2214991e-02  -7.6064446e-01  -2.0586706e-01  -5.0504306e-01   7.0786776e-01
   1.8796894e+00   1.0601432e+00  -6.5921334e-01   2.3303571e+00  -4.3504394e-01   2.7859555e+00
   1.2020270e+00   8.1106753e-02   7.1971423e-02   1.5696515e+00  -2.1368335e-01   1.1006583e+00
  -8.0993642e-01   1.3035918e+00   1.0915330e+00   4.1911890e-01  -1.6046122e+00   1.6866091e+00
  -1.8612401e+00   1.6102487e+00  -4.7248873e-01  -1.1456044e+00  -3.4229894e-01   2.1026849e+00
   2.7926698e-01  -2.1051969e+00  -4.9372694e-01  -3.2645940e-02   4.9397784e-01   8.8010885e-01
   4.7216871e-01  -2.0457627e+00  -2.6001678e-01  -3.5667544e-01  -3.3320843e-01   8.6808277e-01
  -7.1831782e-01  -1.9387993e+00   1.7566849e-01  -8.8247707e-01   8.1168371e-01   3.5592801e-01
  -1.2577962e+00  -6.3162000e-01   1.6577915e+00   1.6814189e+00  -1.7046373e+00   3.1945784e+00
  -8.2746630e-01  -6.6705607e-01   8.0381771e-01  -6.3934316e-01  -3.2158129e-01  -1.3645995e-01
   1.3482818e-01   1.2049924e+00  -5.0110192e-01   1.3183708e+00  -9.5672282e-01   2.6877219e+00
   9.8333087e-03  -3.6620947e-01  -1.2885618e-01   1.4291281e+00   5.3100041e-01   1.6017119e+00
  -3.5285191e-01  -7.5854086e-01   6.1212290e-01   1.7369039e+00  -9.2542288e-01   1.0235553e+00
  -1.2310535e+00  -3.1310807e-01  -1.5538143e-01   2.4896077e-01  -9.6612293e-01   1.6005246e+00
   1.7652690e+00   3.5099420e-01   5.8445879e-01   2.4547047e+00   8.3804725e-01   1.5518566e+00
  -2.8900409e-01  -9.8736335e-02  -3.3491985e-01   1.9822485e+00  -5.0514926e-01   2.5930974e+00
  -4.4575301e-01   6.7113161e-01  -1.1217948e+00   3.1024460e-02   9.5317052e-01   4.8976017e-01
  -1.8545577e+00  -1.1533434e+00  -6.4125416e-01   2.3266163e+00  -6.3580987e-01  -7.7587730e-01
   6.8570360e-01  -5.0526882e-01  -1.3513306e+00   9.2132271e-02   2.1435166e-01   2.4705721e+00
   2.9793521e-01  -7.8100488e-01   3.2612992e-01   2.0955462e+00   8.3076051e-01   5.0753532e-01
   1.9077817e+00  -9.5702371e-01  -7.0005692e-01   2.1772755e-01  -1.4172706e-01   6.4656284e-01
  -1.0986959e+00   1.7489324e+00  -7.4942471e-01   2.0039028e+00  -7.0424232e-01   1.9656833e+00
   7.7826184e-01  -3.2565323e-01  -3.3587599e-01   1.0202273e+00  -2.9064772e-01  -9.2356468e-01
   1.5405842e-01  -1.0112693e+00  -1.4170601e-01  -1.2385651e-01   2.8778300e-01   2.8192002e-01
   7.3551646e-02   2.2797136e-01   9.0862554e-01   1.1327780e+00  -3.4220694e-01   2.0416060e+00
   1.2803383e+00  -2.2164299e-01   9.7126391e-01  -3.1488395e-01  -1.3783883e-01   2.1408385e+00
   7.1805779e-01  -1.3499787e-01   2.2197178e-01   1.8532088e+00  -8.7305774e-01   2.5573050e+00
   1.1375814e+00  -4.9189734e-01   1.5266758e+00   1.4707439e+00  -1.0128682e+00  -5.9439005e-02
   1.5954253e+00   4.8370281e-01  -2.8815020e-01   2.1834158e-01   1.2584176e+00  -5.7824640e-01
  -9.3235835e-01   2.7778918e-01   5.2517495e-01   7.1551795e-01   7.4997630e-01  -5.2989590e-01
  -5.9641357e-02   3.7131040e-01   5.7427530e-01   1.0179464e+00   3.2383270e-01   2.7080023e+00
   1.6464007e-01   4.5133797e-01  -5.9340169e-01   2.3057278e+00   5.2836811e-01   1.3331134e+00
   7.5406241e-02  -9.8259022e-01  -8.5207416e-01   2.0985159e+00   1.9917031e-01   8.0026491e-02
   6.1549908e-01   2.2977363e-02   2.1592703e-01   3.5716182e-01   5.7761904e-01   1.2757783e+00
  -1.3062024e+00   8.9844038e-01   2.0710870e+00   1.1412513e+00   3.7548553e-02   2.2378612e+00
  -2.5613935e-01   2.2414761e+00   2.1238053e+00   7.2928151e-01  -2.4084966e-01   2.0062359e+00
   1.2029109e+00   4.5852752e-01   1.1050369e+00   2.2855572e+00  -8.7896867e-01   6.8562047e-01
  -1.1979893e-01   1.5326827e+00   6.0399030e-01   2.1842147e-01   2.6880553e-01  -5.9409451e-01
   1.8638099e+00  -6.0035565e-02  -2.0201666e-01   2.3647793e-03  -4.4221870e-01   2.8797437e+00
  -5.7416735e-01  -9.5660330e-01  -2.8621322e-01   2.8372320e+00   1.5034996e+00  -3.1158669e-01
  -1.0943346e+00  -2.5416316e-01  -1.1842786e+00   6.4510401e-01   4.4731956e-01  -9.9626856e-01
  -1.8109689e+00  -1.2637181e+00   3.4401566e-01   2.4896243e+00  -1.4089156e+00   1.8214854e+00
   6.4067671e-02  -1.8982650e+00  -6.8412943e-01  -1.0749103e+00   1.3154685e+00   1.9763899e+00
   4.1976583e-01   3.9287746e-01  -2.7795661e-01   8.7678902e-01  -1.3429174e+00  -8.9558035e-02
  -5.7877621e-01  -8.9037179e-02  -7.0692291e-02   1.4832228e+00  -7.6194099e-01   1.7666220e+00
  -5.5953791e-01   2.0037367e-01  -9.0802862e-01   9.0043289e-01   1.3145384e+00   1.9215568e+00
