tupl:
list: [2.0, 9.0, 2.5, 2.5, 5]

table.shape:
tuple: (4, 18, 5, 5, 10, 4)

mini_1:
ndarray: [[[[[[ 1.72595648]
     [ 1.74411205]]

    [[ 1.69629768]
     [ 1.71431784]]]


   [[[ 1.79858307]
     [ 1.8167806 ]]

    [[ 1.76868967]
     [ 1.78682188]]]]



  [[[[ 1.70419649]
     [ 1.72151188]]

    [[ 1.67792546]
     [ 1.69491867]]]


   [[[ 1.77481703]
     [ 1.7923675 ]]

    [[ 1.74790529]
     [ 1.7651749 ]]]]]




 [[[[[ 2.04226299]
     [ 2.06029411]]

    [[ 2.01311775]
     [ 2.03102823]]]


   [[[ 2.11412044]
     [ 2.13216492]]

    [[ 2.08479353]
     [ 2.10278507]]]]



  [[[[ 2.02356144]
     [ 2.04080101]]

    [[ 1.99780174]
     [ 2.01473518]]]


   [[[ 2.09359737]
     [ 2.11104103]]

    [[ 2.06725736]
     [ 2.08443924]]]]]]



step_1:
ndarray: [[[[ 1.72595648  1.69629768]
   [ 1.79858307  1.76868967]]

  [[ 1.70419649  1.67792546]
   [ 1.77481703  1.74790529]]]


 [[[ 2.04226299  2.01311775]
   [ 2.11412044  2.08479353]]

  [[ 2.02356144  1.99780174]
   [ 2.09359737  2.06725736]]]]

step_2:
ndarray: [[[ 1.71112708  1.78363637]
  [ 1.69106098  1.76136116]]

 [[ 2.02769037  2.09945699]
  [ 2.01068159  2.08042737]]]

step_3:
ndarray: [[ 1.74738172  1.72621107]
 [ 2.06357368  2.04555448]]

step_4:
ndarray: [ 1.74738172  2.06357368]

appended to output:
float64: 1.74738172425